4609
0.000000
4.482288
-0.060212
-0.128699
-0.297709
-0.307681
-0.006041
-0.374344
-0.049237
-0.002963
-0.420774
-0.016825
-0.008471
-0.051204
-0.004920
-0.010262
-0.009345
0.005883
-0.237815
-0.012754
-0.148476
-0.010829
-0.097799
0.016419
-0.009246
-0.211645
-0.009778
-0.235647
-0.139869
-0.175140
0.000940
-0.209281
-0.068982
0.007400
-0.141759
-0.265063
-0.030916
-0.386544
-0.398847
-0.005613
-0.087825
-0.022254
0.004011
-0.090129
-0.017301
-0.069340
-0.004786
-0.004555
-0.096727
0.091683
5.970907
0.094148
0.040128
-0.099174
0.060970
-0.200610
-0.092241
-0.042890
-0.505370
-0.026801
-0.040733
-0.071494
-0.087653
0.044116
0.041155
0.037136
-0.300206
-0.150854
-0.272944
-0.061340
-0.189718
0.004118
0.092115
-0.351980
-0.022240
-0.322144
-0.271193
-0.266079
-0.018754
-0.394291
-0.021970
0.064548
-0.186859
-0.190828
-0.194908
-0.588537
-0.590724
0.030292
-0.208146
0.053202
-0.060295
-0.230138
-0.097566
-0.124294
0.032619
0.027904
-0.246540
0.144280
0.056891
1.913644
0.151067
0.099154
0.280221
-0.016474
0.011910
0.040741
-0.328242
0.042903
-0.013535
-0.009445
0.184786
0.055957
0.047630
0.046549
-0.212483
-0.024205
-0.149570
0.035311
0.001912
0.172413
0.186419
-0.242692
0.037677
-0.177539
-0.117068
-0.202010
0.002864
-0.247050
0.040467
0.079003
-0.059550
-0.096422
-0.093498
-0.444648
-0.504717
0.046007
-0.095991
0.089429
0.045841
-0.113643
-0.014280
-0.069488
0.051291
0.041696
-0.188029
0.054354
0.007255
0.188281
3.529048
0.044650
0.102593
-0.040587
-0.103721
0.019917
-0.298813
0.022392
0.022089
-0.017201
0.055860
-0.032413
0.025460
0.024365
-0.277161
-0.056830
-0.279128
-0.008218
-0.031200
0.041434
0.048242
-0.265182
0.008798
-0.245469
-0.197496
-0.161048
0.010708
-0.111846
0.063913
-0.020396
-0.157063
-0.248295
-0.087779
-0.500765
-0.484583
0.028382
-0.128422
0.039716
-0.015070
-0.131069
-0.034756
-0.094941
0.032964
0.020719
-0.162181
0.199578
0.036835
0.283403
0.124558
1.748163
0.111295
-0.011922
-0.019933
0.035483
-0.282172
0.032986
0.029594
0.006798
0.244422
0.055292
0.039483
0.036433
-0.252192
-0.061044
-0.139152
0.024114
-0.024535
0.078188
0.044280
-0.262849
0.027291
-0.179585
-0.081390
-0.123240
0.041130
-0.172300
0.109611
0.054742
-0.078801
-0.104567
-0.064302
-0.475167
-0.462778
0.041426
-0.097323
0.046323
0.023679
-0.077953
0.023771
-0.071658
0.038163
0.029540
-0.126910
0.141558
0.062380
0.184072
0.084366
0.058214
2.521276
-0.004999
0.010559
0.046684
-0.363926
0.066414
-0.094886
-0.007386
0.136420
0.031664
0.051068
0.037172
-0.201333
-0.019584
-0.145371
0.039538
0.015893
0.116157
0.091138
-0.225693
0.055953
-0.151580
-0.219691
-0.219092
0.034336
-0.253500
0.050013
0.058221
-0.044950
-0.070362
-0.032476
-0.421500
-0.507632
0.033684
-0.068454
0.068923
0.065771
-0.165706
-0.062923
-0.114107
0.034682
0.030860
-0.213274
-0.874081
-0.549690
-0.500627
-0.235781
-0.415097
-0.195344
9.407811
-0.148073
-0.091666
-0.587260
-0.116049
-0.096680
-0.218452
-0.184412
-0.135331
-0.079962
-0.033920
-0.309427
-0.371260
-0.240180
-0.071487
-0.262754
-0.143087
-0.176484
-0.282062
-0.101277
-0.229288
-0.372057
-0.308774
-0.144474
-0.399595
-0.179795
-0.143082
-0.190427
-0.315013
-0.226419
-0.587040
-0.596799
-0.070538
-0.270058
-0.117715
-0.131027
-0.292312
-0.142467
-0.238107
-0.130336
-0.072978
-0.289777
-0.048454
-0.040896
-0.004685
0.004457
0.004028
-0.007330
-0.201432
4.568540
-0.034885
-0.264300
-0.054710
-0.024021
-0.064764
0.012630
-0.029721
-0.016711
-0.006238
-0.295256
-0.111054
-0.152420
-0.071419
-0.048783
-0.007795
-0.012645
-0.342713
-0.047613
-0.238180
-0.156748
-0.152646
-0.014972
-0.136471
-0.026727
0.001144
-0.248579
-0.217219
-0.083374
-0.518102
-0.478699
0.004013
-0.193887
0.003918
-0.044266
-0.332262
-0.070751
-0.074812
-0.018400
-0.014518
-0.175383
-0.009142
-0.002295
-0.007800
0.001309
-0.002035
0.005618
-0.087077
-0.002001
2.850788
-0.478192
0.023207
-0.009768
0.000850
0.001687
-0.000674
0.005935
0.016803
-0.281251
-0.091102
-0.148895
-0.003509
-0.011873
0.003546
-0.015202
-0.251396
0.035412
-0.231016
-0.085491
-0.065048
0.002294
-0.041831
-0.005651
-0.001124
-0.179980
-0.127100
-0.100450
-0.498683
-0.461455
-0.003538
-0.109876
-0.002114
-0.031062
-0.061547
0.000942
-0.021834
0.005385
0.011312
-0.055731
-0.361410
-0.734703
-0.494282
-0.462172
-0.291580
-0.675246
-0.445223
-0.458176
-0.322080
24.349140
-0.530842
-0.538511
-0.182656
-0.441029
-0.300769
-0.339394
-0.110081
-0.864844
-0.609025
-0.796278
-0.436734
-0.331675
-0.468295
-0.856829
-0.969587
-0.555039
-1.253454
-0.625111
-0.664739
-0.424299
-1.125996
-0.478456
-0.160511
-0.958953
-0.657156
-0.580150
-0.888221
-1.340672
-0.243032
-0.990976
-0.133789
-0.609015
-0.830469
-0.455327
-0.476734
-0.335786
-0.114857
-0.722044
0.008790
0.010143
0.034736
0.028935
0.025058
0.050232
-0.089491
-0.118208
0.025302
-0.252992
2.779834
0.081510
0.047957
0.037838
0.023676
0.018854
0.019488
-0.249720
-0.086123
-0.122796
0.031076
-0.010224
0.046243
0.063317
-0.272581
0.013874
-0.171161
-0.072487
-0.117553
0.020556
-0.087689
0.020212
0.026481
-0.139657
-0.173209
-0.032865
-0.480938
-0.431530
0.025564
-0.234654
0.015657
-0.022766
-0.206290
-0.006375
-0.056624
0.001865
0.017698
-0.123353
-0.000623
-0.022355
0.036933
0.021779
0.034050
0.051643
-0.089746
-0.031461
0.014535
-0.293461
0.018757
3.763122
0.040461
0.023917
0.027569
0.023922
0.023470
-0.307239
-0.128522
-0.144010
0.012605
-0.070346
0.000648
0.018922
-0.351482
0.018081
-0.172326
-0.139004
-0.189420
0.003423
-0.209565
0.005043
0.030491
-0.078583
-0.124476
-0.095814
-0.603986
-0.505378
0.001134
-0.121873
0.024210
-0.010675
-0.109455
-0.059374
-0.111637
0.009024
0.013782
-0.190181
0.000867
-0.009535
0.039394
0.010940
0.026675
0.014179
-0.100923
0.000084
0.004650
-0.267955
-0.008146
-0.008145
3.266949
-0.013980
0.019039
0.005461
0.009196
-0.300001
-0.111112
-0.117913
0.033578
-0.018240
0.021944
0.021042
-0.325895
0.003189
-0.153264
-0.108678
-0.110021
-0.005707
-0.157997
0.014485
0.012381
-0.047661
-0.102676
-0.074582
-0.437213
-0.441261
0.013301
-0.091398
0.016983
0.000581
-0.083271
-0.001578
-0.032880
-0.009849
0.005049
-0.147546
0.093662
-0.133332
0.278219
0.050737
0.059422
0.174996
-0.011554
-0.011933
0.015080
-0.389026
0.023987
-0.008496
0.003812
2.906450
0.045959
0.040923
0.043954
-0.199798
-0.155076
-0.148171
0.004095
-0.002510
0.064792
0.266040
-0.230684
0.025856
-0.169404
-0.210444
-0.213222
0.037849
-0.333407
0.072510
0.073139
-0.068957
-0.205389
-0.093686
-0.448381
-0.518026
0.043501
-0.101024
0.073654
0.059048
-0.133110
-0.041444
-0.070085
0.056479
0.040212
-0.184922
0.067526
0.021432
0.130298
0.199632
0.074902
0.256420
-0.064815
-0.004648
0.043798
-0.245847
0.041098
0.018442
0.032821
0.079935
1.361830
0.060534
0.038292
-0.242912
-0.062596
-0.175801
0.012813
0.008159
0.084803
0.076374
-0.276513
0.033839
-0.189583
0.020324
-0.089752
0.061361
-0.064654
0.155301
0.167864
-0.085935
-0.092003
-0.089709
-0.474502
-0.477934
0.037781
-0.102188
0.126365
0.052483
-0.118501
0.032191
-0.029063
0.048306
0.036933
-0.158929
0.016676
0.034068
0.034508
0.029688
0.031233
0.156963
-0.022560
0.018010
0.030935
-0.192797
0.043315
0.069424
0.039509
0.041153
0.022413
1.084441
0.021097
-0.192561
-0.012464
-0.088646
0.027350
0.038190
0.051394
0.182523
-0.201679
0.035137
-0.119167
-0.011260
-0.005088
0.064780
0.076681
0.025017
0.025647
-0.026919
-0.026203
-0.069434
-0.432228
-0.435071
0.023983
-0.059118
0.025303
0.037640
-0.039944
0.051481
0.002566
0.025462
0.026210
-0.128835
0.025745
0.027817
0.018992
0.026437
0.021175
0.051398
-0.003873
0.029728
0.054117
-0.043703
0.050521
0.062584
0.026276
0.026917
0.026630
0.032518
0.596594
-0.127878
0.023131
-0.034143
0.037308
0.055525
0.036568
0.040713
-0.135110
0.035854
-0.076104
-0.033445
-0.090269
0.032121
-0.049607
0.024619
0.019823
-0.004336
-0.012718
0.021106
-0.352584
-0.388003
0.046192
-0.000248
0.021328
0.027529
0.100311
0.066531
0.002060
0.022684
0.025495
-0.059262
-0.306191
-0.314792
-0.344087
-0.392120
-0.155431
-0.364419
-0.399777
-0.242957
-0.253723
-0.868043
-0.164750
-0.215440
-0.405385
-0.914372
-0.119240
-0.092995
-0.074324
17.244776
-0.407473
-0.624511
-0.244396
-0.352569
-0.558419
-0.604224
-0.547226
-0.224210
-0.490710
-0.508120
-0.536371
-0.135103
-0.585409
-0.348829
-0.175687
-0.420959
-0.807603
-0.452300
-0.780641
-0.835940
-0.074020
-0.347687
-0.130685
-0.487444
-0.620749
-0.394238
-0.411753
-0.226933
-0.109086
-0.657854
-0.055724
-0.632477
-0.073856
-0.032269
0.009429
-0.067915
-0.216177
-0.102423
-0.046923
-0.569278
-0.059697
-0.069520
-0.170759
-0.392714
0.017386
-0.027643
-0.001791
-0.350247
9.151545
-0.271887
-0.080258
-0.136435
-0.502603
-0.200546
-0.559547
-0.041185
-0.320128
-0.370402
-0.345515
-0.151101
-0.364383
-0.072623
0.011069
-0.191946
-0.313601
-0.325892
-0.581075
-0.585508
-0.010532
-0.242166
-0.044916
-0.101781
-0.344555
-0.093493
-0.189021
-0.086262
-0.009791
-0.303341
-0.254191
-0.272011
-0.123852
-0.231512
-0.127550
-0.239702
-0.404205
-0.153353
-0.107179
-0.657921
-0.096112
-0.138217
-0.136229
-0.147491
-0.026375
-0.067447
-0.042377
-0.597201
-0.344393
12.393944
-0.116648
-0.190237
-0.111472
-0.136944
-0.554902
-0.162872
-0.442787
-0.441949
-0.373708
-0.134578
-0.373123
-0.250406
-0.150776
-0.317601
-0.437630
-0.401223
-0.775468
-0.811746
-0.240823
-0.396087
-0.029805
-0.252803
-0.393517
-0.163626
-0.268789
-0.036052
-0.023285
-0.394478
0.003191
-0.003073
0.000013
-0.005519
-0.001793
-0.009579
-0.074345
-0.074175
-0.014367
-0.154313
0.012303
-0.000739
-0.009398
0.018404
-0.005072
-0.009612
-0.010000
-0.227759
-0.042116
-0.092943
2.690450
-0.003255
-0.003352
-0.000065
-0.214532
-0.009188
-0.260952
-0.058486
-0.075618
0.005324
-0.063813
0.003656
0.001779
-0.108004
-0.188327
-0.019541
-0.464071
-0.401132
-0.005737
-0.107367
0.002884
-0.020780
-0.210659
-0.021724
-0.041278
-0.011014
-0.010899
-0.118527
-0.042003
-0.140406
-0.001640
-0.013874
-0.025448
0.001822
-0.193561
-0.078185
-0.004906
-0.334330
-0.021791
-0.082824
0.012255
-0.021730
0.017607
0.010408
0.025497
-0.377630
-0.153526
-0.229645
-0.026071
5.599671
0.021343
-0.008403
-0.423220
-0.024937
-0.279629
-0.172889
-0.194727
-0.029174
-0.208506
-0.037772
0.003793
-0.170024
-0.206653
-0.160631
-0.587554
-0.569193
0.006252
-0.216865
0.011347
-0.108866
-0.176448
-0.045584
-0.156464
-0.023736
0.009254
-0.244268
0.053653
0.075451
0.208330
0.062335
0.086371
0.235270
-0.044848
-0.023570
0.019056
-0.420908
0.010014
-0.027235
-0.042523
0.329070
0.066662
0.054718
0.056146
-0.220885
-0.024495
-0.212186
-0.005410
-0.045164
2.997811
0.229764
-0.301752
-0.009191
-0.208447
-0.204071
-0.224720
-0.023302
-0.362525
0.088971
0.090270
-0.090181
-0.159559
-0.147683
-0.485213
-0.548781
0.054472
-0.144427
0.173287
0.020500
-0.204739
-0.042567
-0.099681
0.144718
0.051111
-0.278060
0.034371
0.017911
0.144035
0.053799
0.073281
0.256759
-0.039087
0.002629
0.026506
-0.513653
0.032202
-0.054924
-0.068485
0.196443
0.042873
0.036852
0.038674
-0.238935
-0.044493
-0.177642
0.035461
-0.014441
0.024299
4.008718
-0.337371
-0.008471
-0.246289
-0.151230
-0.229656
-0.029752
-0.449196
0.064021
0.094624
-0.084700
-0.120871
-0.161506
-0.468533
-0.596911
0.039484
-0.177284
0.080209
0.006706
-0.264960
-0.020247
-0.103911
0.096478
0.045408
-0.350335
-0.259419
-0.313773
-0.159537
-0.167489
-0.059368
-0.222660
-0.411820
-0.270116
-0.207860
-0.953053
-0.282049
-0.223177
-0.437828
-0.311697
-0.062354
-0.081536
-0.055844
-0.633570
-1.170677
-0.415274
-0.232181
-0.509759
-0.834183
-0.602104
18.566442
-0.318779
-0.474998
-0.566660
-0.526800
-0.563841
-0.684083
-0.316009
-0.269724
-0.361055
-0.573361
-0.583878
-0.851865
-0.807315
-0.047439
-0.415311
-0.093464
-0.903485
-0.719167
-0.346958
-0.620885
-0.668503
-0.070111
-0.553163
-0.010955
-0.005642
0.013393
0.016967
0.020166
-0.002588
-0.102760
-0.077672
-0.029216
-0.197654
0.009689
-0.014339
0.000783
0.010786
0.001398
0.004786
0.008135
-0.264472
-0.078201
-0.116945
-0.001236
-0.019131
0.033510
-0.003446
-0.287650
3.258234
-0.186958
-0.073070
-0.124175
0.006828
-0.106683
-0.002329
0.010383
-0.136740
-0.149127
-0.049022
-0.493860
-0.449440
0.006218
-0.171925
0.000635
-0.044511
-0.240826
-0.010129
-0.048767
0.004899
0.017224
-0.107693
-0.384521
-0.348384
-0.217502
-0.324584
-0.106997
-0.313295
-0.452418
-0.236948
-0.272387
-1.551891
-0.232579
-0.225457
-0.171056
-0.283404
-0.059510
-0.076408
-0.120625
-0.613966
-0.424226
-0.533575
-0.207107
-0.270891
-0.165801
-0.269960
-0.610992
-0.265953
14.183160
-0.502888
-0.413235
-0.142252
-0.420115
-0.318656
-0.138830
-0.641716
-0.555588
-0.427351
-0.879577
-0.933372
-0.142180
-0.568795
-0.090832
-0.306260
-0.380564
-0.199033
-0.346321
-0.137890
-0.068542
-0.413773
-0.129138
-0.156294
-0.214975
-0.355390
-0.272177
-0.231984
-0.318340
-0.211383
-0.036128
-0.487098
-0.053775
-0.134190
-0.107348
-0.121870
-0.559626
-0.055737
0.007398
-0.371877
-0.312146
-0.338825
-0.071502
-0.140715
-0.196731
-0.138053
-0.566159
-0.051896
-0.430623
11.034421
-0.320579
-0.126085
-0.370492
-0.453488
-0.113183
-0.316993
-0.246010
-0.165517
-0.590906
-0.591456
-0.034768
-0.191877
-0.124020
-0.199606
-0.307113
-0.204709
-0.486986
-0.047470
-0.014018
-0.343873
-0.200393
-0.285490
-0.133609
-0.177930
-0.051445
-0.198786
-0.419765
-0.224139
-0.122722
-0.643148
-0.076179
-0.127643
-0.115673
-0.102431
-0.042963
-0.013476
-0.021672
-0.527251
-0.397269
-0.361742
-0.095364
-0.204156
-0.057419
-0.181546
-0.567773
-0.099839
-0.390903
-0.434812
11.792014
-0.165356
-0.750079
-0.214726
-0.087145
-0.297649
-0.342886
-0.281091
-0.750095
-0.706650
0.006107
-0.324241
-0.017863
-0.283233
-0.384503
-0.241720
-0.271331
-0.087958
-0.008185
-0.410184
0.017443
-0.014736
0.027359
0.028679
0.010773
0.031952
-0.102066
-0.002802
0.008396
-0.356943
0.022739
0.022136
0.014993
0.044906
0.011876
0.078264
0.025494
-0.272447
-0.085019
-0.183370
0.004425
-0.044446
0.071863
0.054878
-0.317215
0.013269
-0.184921
-0.092186
-0.100843
3.244507
-0.100602
0.028544
0.021939
-0.077263
-0.125374
-0.118357
-0.504960
-0.507370
0.018341
-0.113519
0.017853
-0.021430
-0.149247
-0.002728
-0.103238
0.014761
0.016093
-0.205400
-0.201940
-0.355558
-0.253740
-0.176020
-0.254634
-0.223845
-0.331873
-0.165991
-0.082554
-0.826155
-0.245547
-0.209683
-0.189465
-0.184713
-0.084582
-0.194703
-0.136966
-0.511117
-0.253058
-0.333818
-0.130969
-0.300264
-0.165469
-0.468116
-0.640441
-0.101754
-0.382091
-0.373570
-1.024594
-0.592772
13.375197
-0.322407
-0.120065
-0.202789
-0.279849
-0.273867
-0.758584
-0.664123
-0.030728
-0.344285
-0.071886
-0.255775
-0.536407
-0.205970
-0.322965
-0.104587
-0.050898
-0.511150
0.073093
-0.020343
0.099001
-0.095585
0.011002
0.101374
-0.043536
-0.045357
0.013215
-0.350932
0.015719
0.006583
-0.013547
-0.013232
-0.017769
0.018942
0.027892
-0.267576
-0.063802
-0.154104
-0.019236
-0.014052
0.010786
0.040570
-0.285327
0.016747
-0.243939
-0.303754
-0.194993
0.005323
-0.216115
3.996097
0.050536
-0.080639
-0.138505
-0.132446
-0.475622
-0.502084
0.025078
-0.107961
0.032765
-0.013876
-0.149711
-0.044722
-0.133503
0.017386
0.019828
-0.205953
0.052155
0.012026
0.039487
0.209509
0.017047
0.040976
-0.005663
-0.007718
0.020833
-0.171728
0.019474
0.016558
0.019063
0.033317
0.018509
0.013006
0.019441
-0.200855
-0.039752
-0.085748
0.012929
0.015507
0.037181
0.035452
-0.219495
0.021117
-0.139611
-0.026395
-0.062175
0.017423
-0.071151
0.111553
1.428785
-0.059660
-0.041822
-0.041351
-0.434097
-0.421969
0.017927
-0.073624
0.022362
0.026882
-0.060919
0.019136
0.029315
0.020538
0.014109
-0.094709
-0.251672
-0.213121
-0.130433
-0.160650
-0.059404
-0.234602
-0.322659
-0.192059
-0.137800
-1.120024
-0.114205
-0.094766
-0.106491
-0.148942
-0.056321
-0.049428
-0.036711
-0.534151
-0.319501
-0.445793
-0.190450
-0.142666
-0.095855
-0.171021
-0.513426
-0.187691
-0.532677
-0.395256
-0.276875
-0.060072
-0.277394
-0.175737
-0.082739
9.572390
-0.423923
-0.273977
-0.698479
-0.729305
-0.040882
-0.335978
-0.045529
-0.169432
-0.221781
-0.133122
-0.214103
-0.065863
-0.027980
-0.292620
-0.419379
-0.216849
-0.157447
-0.392126
-0.023745
-0.138738
-0.487646
-0.211408
-0.109118
-0.459026
-0.085930
-0.063968
-0.210332
-0.086024
-0.044064
-0.054950
-0.035531
-0.874575
-0.290477
-0.406156
-0.201673
-0.097538
-0.102426
-0.127821
-0.633265
-0.120509
-0.379772
-0.292789
-0.391848
-0.074444
-0.366277
-0.178352
-0.147615
-0.387412
11.273151
-0.213716
-0.552166
-0.534461
-0.008266
-0.362049
-0.046850
-0.162692
-0.318168
-0.349233
-0.329905
-0.067640
-0.057849
-0.227152
-0.153547
-0.206163
-0.086783
-0.095780
-0.046564
-0.112431
-0.295108
-0.101043
-0.066003
-0.566972
-0.068073
-0.121858
-0.105125
-0.107725
-0.004339
-0.062272
-0.029476
-0.483597
-0.300304
-0.325148
-0.078894
-0.140725
-0.049495
-0.148832
-0.513317
-0.092343
-0.323985
-0.280623
-0.298343
-0.096080
-0.310511
-0.147284
-0.061375
-0.220084
-0.262723
9.253937
-0.666098
-0.662218
0.011276
-0.280958
-0.002418
-0.189976
-0.328388
-0.108066
-0.216622
-0.037293
-0.007933
-0.314356
-0.298503
-0.026523
-0.055902
-0.052346
0.042610
-0.313454
-0.521061
-0.080977
0.037951
-1.389577
-0.202685
-0.510396
0.106283
-0.082295
0.103258
-0.046296
0.120828
-0.624147
-0.213792
-0.592049
0.083990
-0.760095
0.037158
-0.205329
-0.538459
-0.025789
-0.634221
-0.379247
-0.367829
-0.001509
-0.381673
-0.212623
0.092264
-0.563104
-0.204624
-0.320791
27.059115
-1.138850
0.007146
-0.656436
0.171888
-0.121247
-0.462436
0.014336
-0.419680
-0.064788
0.220645
-0.380920
-0.609326
-0.557670
-0.500625
-0.562159
-0.210621
-0.735455
-0.928780
-0.262706
-0.848860
-1.595911
-0.346799
-0.414710
-0.308875
-0.496106
-0.228963
-0.293575
-0.351389
-0.824210
-0.690243
-1.099741
-0.255861
-0.587987
-0.505886
-0.768241
-0.967504
-0.474655
-0.862666
-0.770061
-0.665455
-0.268887
-0.935260
-0.612275
-0.569522
-0.500422
-0.683672
-1.608143
-1.381193
28.261491
-0.441895
-0.968468
-0.123633
-0.739008
-0.727316
-0.373266
-0.488327
-0.217107
-0.169351
-2.020391
0.027799
0.044579
0.044937
0.027493
0.033964
0.107430
-0.017977
0.034718
0.048728
-0.168614
0.115243
0.187365
0.044928
0.048396
0.035949
0.039271
0.052955
-0.212336
-0.025241
-0.036268
0.043420
0.047162
0.067261
0.069752
-0.241129
0.044141
-0.119893
-0.043109
-0.064970
0.031695
-0.064367
0.033040
0.032027
-0.032032
-0.092434
-0.026804
-0.405464
-0.406536
1.061626
-0.026027
0.032732
0.025544
-0.039973
0.084942
0.001379
0.040750
0.038728
-0.083587
-0.237678
-0.233892
-0.152432
-0.129790
-0.057034
-0.203573
-0.295807
-0.165732
-0.353708
-1.181133
-0.234802
-0.205730
-0.087262
-0.178616
-0.031626
-0.047913
-0.088724
-0.513972
-0.345527
-0.428354
-0.181121
-0.159256
-0.124326
-0.233978
-0.519446
-0.230419
-0.644955
-0.354576
-0.305904
-0.057248
-0.270491
-0.171449
-0.084186
-0.618516
-0.444090
-0.242414
-0.752558
-0.797892
-0.222030
10.877873
-0.063011
-0.261378
-0.264932
-0.127021
-0.226809
-0.068382
-0.043835
-0.263366
0.041190
0.035423
0.156110
0.082035
0.025063
0.232881
0.006916
0.028525
0.020848
-0.160748
0.024641
0.032360
0.016380
0.107801
0.054641
0.022182
0.019859
-0.143462
0.019460
-0.058803
0.033515
0.023904
0.208353
0.208523
-0.171813
0.027832
-0.087324
-0.064681
-0.018427
0.022837
0.005003
0.167104
0.054302
0.001016
-0.011869
-0.026886
-0.385140
-0.368754
0.024040
-0.023037
0.078165
0.137030
-0.064583
0.027780
0.008470
0.023919
0.019364
-0.058553
-0.033393
-0.033803
-0.017998
0.003758
0.015928
0.016616
-0.095733
-0.024366
-0.054427
-0.352243
-0.009373
-0.024857
-0.033850
0.018431
-0.000161
0.004196
0.015600
-0.346502
-0.133825
-0.196624
-0.038078
-0.048101
-0.073826
0.024867
-0.475839
-0.050557
-0.225585
-0.252486
-0.225737
-0.005521
-0.206656
-0.039285
-0.004369
-0.122698
-0.189813
-0.153029
-0.525907
-0.537018
0.022865
-0.225604
-0.015485
5.710153
-0.218087
-0.099120
-0.174058
-0.058095
0.028129
-0.317902
-0.155902
-0.156133
-0.126085
-0.083520
-0.036040
-0.141740
-0.358790
-0.463569
-0.102941
-1.483640
-0.238050
-0.235403
-0.216180
-0.093778
-0.084440
-0.052843
-0.082221
-0.441512
-0.220545
-0.256351
-0.225877
-0.109537
-0.052702
-0.174913
-0.464943
-0.274947
-0.290623
-0.267047
-0.387013
-0.240878
-0.570429
-0.190224
-0.087609
-0.308303
-0.332401
-0.192194
-0.586440
-0.631788
-0.051203
-0.296686
-0.050044
-0.150364
11.632714
-0.244396
-0.207941
-0.145176
-0.053853
-0.443056
-0.023438
-0.057685
0.038513
-0.000125
0.032217
0.053436
-0.138811
-0.028697
0.019661
-0.342856
0.009941
0.016548
0.003252
0.014829
0.027143
0.023641
0.046392
-0.336766
-0.137517
-0.243144
0.005178
-0.060269
0.028673
0.002210
-0.353800
0.008708
-0.187785
-0.134687
-0.184440
-0.004961
-0.185534
0.019576
0.013852
-0.094311
-0.186370
-0.099998
-0.491005
-0.514601
0.051252
-0.128154
0.028081
-0.034552
-0.151483
4.376282
-0.081258
-0.001311
0.019831
-0.210013
-0.074076
-0.115066
-0.050025
-0.241340
0.012705
-0.070222
-0.251085
-0.115927
-0.046346
-0.389012
-0.026367
-0.113997
-0.080435
-0.030942
-0.075079
-0.000089
-0.026099
-0.424992
-0.243244
-0.303825
-0.052034
-0.149256
-0.017148
-0.049545
-0.462816
-0.057849
-0.387076
-0.300329
-0.253071
-0.034808
-0.234218
-0.043796
-0.059965
-0.187293
-0.288374
-0.217885
-0.666665
-0.625705
0.000561
-0.269736
-0.029532
-0.118817
-0.256332
-0.115870
7.927704
-0.044954
-0.005953
-0.323440
0.013628
0.033012
0.040354
0.029520
0.029548
0.024760
-0.026047
-0.001654
0.021856
-0.210639
0.025960
0.015739
0.048000
0.070039
0.031019
0.018185
0.022284
-0.247805
-0.015502
-0.145649
0.050955
0.008603
0.157338
0.082771
-0.227168
0.037758
-0.168884
-0.078591
-0.107821
0.047252
-0.095162
0.035348
0.048340
-0.086868
-0.093751
-0.050023
-0.449551
-0.431073
0.022990
-0.130084
0.029958
-0.068222
-0.048857
0.025281
-0.032417
2.083097
0.025360
-0.098584
0.012094
0.012563
0.011631
0.012923
0.008193
0.018813
0.006307
0.014565
0.038408
-0.047263
0.026036
0.018017
0.035407
0.016145
0.010465
0.011043
0.015121
-0.098214
0.031099
0.010508
0.015726
0.027056
0.027439
0.029391
-0.062140
0.078917
-0.009232
0.012212
0.010405
0.009873
0.012305
0.013848
0.012624
0.013300
0.017875
0.126673
-0.298226
-0.256024
0.020166
0.020425
0.011214
0.021364
0.029175
0.027952
0.012141
0.018893
0.042122
0.071746
-0.260525
-0.225792
-0.123171
-0.144311
-0.051203
-0.250944
-0.355657
-0.114707
-0.065836
-0.609607
-0.157238
-0.209753
-0.127926
-0.210505
-0.141277
-0.140543
-0.194161
-0.610673
-0.385263
-0.430439
-0.115933
-0.240978
-0.225391
-0.354528
-0.788030
-0.268702
-0.330587
-0.331562
-0.353839
-0.157494
-0.449859
-0.253101
-0.109567
-0.208777
-0.361517
-0.283837
-0.779059
-1.670162
-0.097840
-0.290193
-0.042547
-0.325047
-0.499982
-0.158942
-0.332015
-0.124189
0.043858
13.424582
0.096261
-0.017145
-0.015008
-0.049087
-0.031329
-0.001842
-0.115783
0.007264
-0.001886
0.051779
0.012529
0.000125
0.030692
-0.011482
-0.004925
0.004588
0.000473
-0.039407
-0.009072
-0.007999
-0.000245
0.001271
0.003231
0.001253
-0.004917
-0.000774
-0.054036
0.002632
0.038703
0.019115
0.009099
-0.020359
-0.014342
-0.053476
0.068387
0.018975
-0.275387
-0.068021
0.003955
-0.043002
-0.005570
-0.003517
0.029668
0.012160
0.007843
-0.003214
0.025415
-0.000733
-0.040666
0.092555
0.009874
-0.001992
-0.009386
0.022748
-0.095634
-0.000899
0.014151
0.034241
0.000000
0.019423
0.057996
-0.004598
0.000000
0.022556
0.025299
-0.052499
-0.066712
0.049387
-0.000000
-0.011983
0.022740
0.016384
-0.038124
0.000000
-0.048651
0.038720
0.059406
0.071916
0.041997
-0.007679
0.000000
-0.020440
0.004707
0.053769
-0.268632
-0.018354
0.053651
-0.022874
0.000000
-0.000000
0.050596
0.056281
0.026488
0.037287
0.049510
0.037608
-0.004301
0.016957
0.080935
0.002805
-0.000000
-0.000000
-0.045442
-0.004771
-0.002103
0.029382
-0.000000
0.050793
0.058615
-0.000000
-0.000000
0.033445
0.046861
-0.030913
-0.002895
0.039470
-0.000000
0.040702
0.041082
0.046327
-0.017528
0.024906
-0.050242
0.031757
0.061005
0.076272
0.038251
-0.000445
0.000000
-0.028071
0.019238
0.051290
-0.255406
-0.026810
0.054751
-0.032708
-0.000000
-0.000000
0.054905
0.059758
0.036492
0.021963
0.047602
0.038508
-0.025712
-0.000000
0.025887
0.087715
0.035701
0.025644
-0.078834
-0.010163
-0.005176
0.005338
-0.000078
0.028534
0.056211
0.039476
-0.000685
0.039405
0.026100
-0.008252
0.011978
0.057580
-0.000000
0.014126
0.040233
0.036319
0.003505
-0.000000
-0.073144
0.033999
0.016092
0.070996
0.015286
-0.009891
-0.020572
-0.042321
0.069350
0.033531
-0.272386
-0.042718
0.055386
-0.040292
-0.000000
-0.000129
0.029503
0.026049
0.013455
0.030528
0.026480
0.036661
-0.007023
0.019762
0.054914
0.016964
0.083470
0.032783
-0.040171
-0.001569
-0.002841
0.024916
0.032385
0.027361
0.062421
0.043320
0.045573
0.027056
0.048417
-0.000882
0.018317
0.015185
-0.001086
0.030876
0.000000
0.034325
-0.012819
-0.000000
-0.051853
0.008253
0.038831
0.000000
0.029375
0.037312
0.052610
-0.025142
0.008412
0.020524
-0.259302
-0.032054
0.052565
-0.035264
0.000000
-0.000000
0.023526
0.019586
0.046064
0.023205
0.027056
0.027707
0.005897
0.032144
0.008378
0.010762
0.041867
0.077150
-0.025549
-0.016605
0.014756
0.049587
0.000000
0.050473
0.059052
0.046683
0.033154
-0.000000
0.043131
-0.027365
0.009938
0.049356
-0.000943
0.048523
0.037819
0.025810
-0.010744
0.025865
-0.039752
0.048113
0.071631
0.026093
0.037048
0.004847
-0.000000
-0.043613
0.028981
0.039757
-0.253754
-0.009191
0.062087
-0.026678
0.000000
-0.019673
0.060294
0.070830
0.052045
0.024593
0.000000
0.048131
-0.122539
-0.064508
-0.042258
-0.043892
-0.071517
-0.036642
0.142844
-0.053328
-0.065557
-0.036188
-0.040084
-0.046386
-0.018797
-0.031453
-0.035926
-0.026369
-0.032556
-0.042305
-0.017295
-0.042328
-0.035833
-0.039920
-0.028176
-0.022597
-0.090147
-0.037413
-0.135144
-0.034339
-0.011486
-0.032244
-0.061561
-0.029357
-0.043918
-0.082490
-0.058967
-0.051251
-0.317329
-0.103992
-0.032585
-0.112619
-0.038273
-0.032295
-0.036680
-0.023510
-0.035908
-0.035200
-0.032773
-0.005273
0.045898
0.046684
0.045246
0.042196
0.048464
0.035328
0.010608
0.102177
-0.009566
-0.016826
-0.009760
-0.005933
-0.000071
0.040377
0.057873
0.027056
0.024852
0.014316
0.010589
0.012166
-0.027056
0.031518
0.049478
0.034874
0.020854
-0.000138
-0.048233
0.030515
0.011069
0.000000
-0.024036
0.055826
0.063824
-0.044454
0.045335
-0.000000
-0.256543
-0.059464
0.050918
-0.033480
0.046336
0.046480
0.017191
0.023459
0.005753
0.052586
0.000000
0.028717
0.026110
0.032599
0.027465
0.014635
-0.000000
0.020767
-0.023503
-0.002722
0.102345
-0.004648
-0.001371
0.031244
-0.000246
0.029209
0.026415
-0.010641
0.038179
0.019681
0.030400
-0.001139
-0.000081
0.025830
0.034348
0.026381
-0.016273
-0.021658
-0.034589
0.014126
0.014883
-0.000000
-0.016825
0.031576
0.037747
-0.041297
-0.004339
-0.013587
-0.277811
-0.055484
0.035930
-0.045642
0.026898
0.043290
-0.007753
0.015660
0.011681
0.037616
0.000000
-0.006253
-0.000077
0.031681
0.023437
0.024768
0.000000
0.021765
-0.032424
0.062447
0.106582
0.155368
0.059273
0.034295
-0.026160
0.033533
0.026352
0.028151
0.020602
-0.018868
0.014048
-0.000689
0.034356
0.038113
0.022311
0.025151
-0.047281
0.034629
0.165396
0.027562
0.034042
-0.014275
-0.009409
0.028951
-0.000000
0.143243
0.041874
0.034559
-0.267883
-0.011647
0.030439
0.145555
0.016111
-0.000000
-0.104547
0.024325
0.032596
0.021728
0.000000
-0.047769
0.042418
0.039267
0.047484
0.044038
0.054436
0.042801
-0.011802
-0.000000
-0.015641
-0.008555
0.093708
-0.003785
-0.000000
0.041199
0.056616
0.053770
0.039099
0.004412
0.024337
0.033130
-0.000624
0.054169
0.048734
0.036965
0.006486
-0.000000
-0.042442
0.020898
0.022495
-0.000000
-0.020045
0.051221
0.000000
-0.034070
0.038804
0.020398
-0.246269
-0.054193
0.026897
-0.031044
0.043626
0.053352
0.001690
0.031049
0.039430
0.043561
0.025682
0.031379
-0.002866
0.051656
0.054657
-0.005827
0.045496
0.067816
-0.041009
-0.000000
-0.000000
0.019864
0.000000
0.090231
-0.000000
0.066694
0.035920
0.045483
0.027056
0.024461
0.043109
0.034221
-0.000000
0.029990
0.067094
0.072062
0.032324
-0.000000
-0.038616
-0.009590
0.006024
0.000000
-0.016185
0.055520
0.000000
-0.027784
-0.027056
0.026736
-0.265258
-0.036381
0.000000
-0.027510
0.055615
-0.019805
0.032875
0.016145
0.022940
-0.002090
0.000000
-0.000000
0.015289
0.034388
0.057142
0.034122
0.041005
0.056921
-0.024589
-0.002742
-0.004675
-0.007118
-0.000102
-0.000000
0.086030
0.042667
0.063196
0.061928
0.000000
0.001134
0.013497
0.000000
-0.004417
0.003123
0.060053
0.066540
0.014325
-0.000000
-0.054728
-0.008882
-0.001639
0.059265
-0.012371
0.039673
-0.000000
-0.031060
-0.014583
0.000000
-0.246013
-0.040388
0.000000
-0.034443
0.057347
0.031670
-0.001041
-0.007802
-0.001298
-0.000705
0.000000
-0.000000
-0.012934
-0.017804
0.013522
0.004320
0.001013
0.034418
-0.047118
-0.001731
0.010177
0.030055
-0.000000
0.038970
0.063408
0.081943
0.026822
-0.000000
0.041444
-0.012261
-0.036190
0.037200
0.018203
0.033544
-0.000000
0.020508
-0.015746
0.033787
-0.040024
0.046195
0.060651
0.067329
0.041550
-0.019621
0.000000
-0.034204
0.050327
0.050045
-0.264155
-0.017702
0.047009
-0.027628
-0.000000
-0.000000
0.058031
0.068386
0.027715
0.034699
0.058661
0.038255
0.016393
0.021196
0.044492
0.013838
0.037530
0.040682
-0.020512
-0.001165
-0.012494
0.010179
0.000000
0.038053
0.039185
0.036482
0.084199
0.000000
0.037138
-0.015253
0.001831
0.038666
-0.001015
0.040471
0.039717
0.049922
-0.001797
0.000000
-0.050054
0.000410
0.036774
0.000000
0.008487
0.016559
-0.000000
-0.036430
0.010125
0.015966
-0.252857
-0.033490
0.054650
-0.036481
0.000000
0.015268
0.036413
0.038659
0.025622
0.015948
0.026589
0.039963
0.001847
0.021695
0.030879
0.002180
0.037847
0.045141
-0.031172
-0.000660
-0.008061
0.021465
0.033820
0.037229
0.000000
0.040160
0.070694
0.082463
0.052916
-0.012449
0.002026
0.024766
0.000000
0.027680
0.035779
0.040171
-0.010567
0.019013
-0.046487
0.016446
0.031485
0.000000
-0.017662
0.014861
-0.000000
-0.034066
0.009825
0.019033
-0.249079
-0.033597
0.027056
-0.037058
0.000000
0.028962
0.034551
0.044531
0.036511
0.035487
0.000000
0.026967
0.014847
0.020929
0.042948
0.039093
0.026618
0.028888
-0.017271
-0.004938
0.002263
-0.004692
-0.000000
0.049170
0.000000
0.032106
0.022595
0.066559
0.080252
-0.011865
-0.000087
0.032652
0.008921
0.026239
0.034049
0.033071
-0.013774
-0.000127
-0.059865
0.031260
0.060798
0.041888
0.028436
0.024706
0.000000
-0.032154
0.030932
0.013992
-0.268123
-0.042933
0.062274
-0.057730
0.000000
0.000000
0.014800
0.055638
0.068650
0.038539
0.000000
0.007208
-0.032035
-0.026734
0.017634
-0.013107
0.004533
0.012250
-0.054906
-0.010603
0.002097
0.033862
-0.019520
0.012924
0.027354
0.002211
0.011339
0.003746
0.000867
0.132711
-0.013795
0.022388
-0.037637
0.006250
0.016026
0.014644
-0.032511
0.003215
-0.102054
0.012579
0.029542
0.009565
-0.018576
-0.031542
-0.008264
-0.065260
-0.047908
0.004817
-0.202984
-0.026942
0.014033
-0.061883
-0.010509
-0.090579
0.029933
0.020088
0.022572
-0.007903
0.007209
0.052877
0.012732
-0.059118
0.014450
0.021067
0.015178
0.019484
-0.052448
-0.008996
-0.015367
0.022928
-0.001513
0.010553
0.035048
-0.039733
0.025369
0.018728
0.022415
-0.068730
0.106589
0.015087
-0.030574
-0.004504
-0.004456
0.009462
-0.122346
0.010957
-0.066764
0.015678
0.035866
0.003908
-0.019392
0.031484
-0.001664
-0.060911
-0.002804
0.046472
-0.250998
-0.029275
0.030160
-0.071507
-0.000244
-0.064997
0.012066
0.028389
0.024866
0.002515
0.024540
0.000424
0.019126
0.028006
0.045522
0.056923
0.041559
0.037070
-0.009680
-0.005489
-0.012155
0.007698
-0.002824
0.002330
-0.000000
0.038614
0.045019
0.042364
0.035685
0.032400
0.018009
0.102283
-0.001935
0.001029
0.049268
0.038079
0.007347
-0.003687
-0.055457
0.029255
0.023167
0.000000
-0.043473
0.030963
0.020434
-0.037732
0.041831
-0.003220
-0.296721
-0.054491
-0.007988
-0.061574
0.044258
0.038301
0.003582
-0.036288
-0.009927
0.039531
0.000000
-0.035702
0.047955
0.042473
0.045078
0.041347
0.042766
0.028254
-0.011484
-0.000000
-0.008658
-0.021259
-0.000000
-0.009872
-0.000140
0.047972
0.053451
0.025059
-0.000000
0.006443
0.021514
0.022473
0.097558
0.023783
0.044276
0.033910
-0.044014
-0.001193
-0.048581
0.022456
0.017942
0.000000
-0.013819
0.056156
0.050999
-0.037886
0.034108
0.021705
-0.260225
-0.055320
0.048841
-0.035843
0.053191
0.042424
0.014064
0.000000
0.025059
0.043010
0.000000
0.044284
0.045013
0.075731
0.062001
0.052086
0.072249
0.037445
0.008222
-0.000000
-0.000350
-0.001764
-0.000000
-0.000000
0.000000
0.063487
0.000000
-0.000000
0.000000
0.027900
0.003903
-0.026980
-0.000000
0.096629
0.065788
0.059817
0.036400
-0.000000
-0.053853
0.000475
0.027056
0.000000
-0.028048
0.065648
-0.000000
-0.019655
0.011134
-0.000000
-0.309929
-0.066855
0.000000
-0.030807
0.066705
0.058534
0.000000
-0.000000
0.045410
0.061904
0.000000
0.009154
0.001768
0.011427
0.030224
0.019065
0.000000
0.038077
-0.035623
-0.000454
-0.002059
0.036507
-0.000000
0.033495
0.057455
0.007857
0.032912
0.028638
0.026241
-0.009375
-0.015037
0.044092
-0.000000
0.036383
0.081226
0.025338
-0.028553
0.032444
-0.048825
0.037919
0.053351
0.079653
0.039507
0.003937
0.000000
-0.026818
0.026739
0.055212
-0.255042
-0.013776
0.059858
-0.030395
-0.000000
-0.020945
0.052735
0.056707
0.034931
0.019324
0.047230
0.042953
0.012912
0.015425
0.030073
0.023105
0.023333
0.015524
-0.024821
-0.000096
-0.008981
0.041519
-0.000000
0.042988
0.055848
0.038123
0.033012
0.027902
0.030206
-0.019184
-0.024077
0.045129
-0.000000
0.036369
0.023418
0.080959
-0.042122
0.018399
-0.049761
0.040562
0.051477
0.078705
0.045685
0.023788
-0.000000
-0.030849
0.023423
0.053073
-0.256007
-0.012479
0.054773
-0.031383
-0.000000
-0.017338
0.062005
0.058104
0.041948
0.031467
0.044780
0.047214
0.032495
-0.005447
0.018059
0.006586
0.007920
0.015522
-0.049324
-0.009324
-0.040109
0.032801
-0.001863
0.014157
0.030598
0.005083
0.006650
0.005314
0.011726
-0.055601
-0.023255
0.021840
-0.015378
0.016504
0.010598
0.013144
0.140700
-0.023040
-0.092513
0.016521
0.030787
0.041010
-0.035219
0.020172
0.001592
-0.076484
0.009476
0.008679
-0.212582
-0.038823
0.010176
-0.081103
-0.005956
-0.100966
0.014086
0.024787
0.019147
-0.017244
0.005081
0.030786
0.029667
0.037800
0.046061
0.032913
0.022417
0.036132
-0.021774
0.000000
-0.053035
-0.007814
-0.000000
0.020396
-0.000000
0.043144
0.049775
0.058089
0.043674
0.005970
-0.001140
-0.012896
-0.002997
0.037600
0.026108
0.039471
-0.004451
0.096345
-0.050322
0.011905
0.020316
0.000000
-0.008710
0.048155
0.060433
-0.045897
0.000622
-0.031205
-0.254453
-0.083086
0.046621
-0.040679
0.040931
0.055350
0.026905
0.024006
0.019152
0.041145
0.000000
-0.024559
0.029190
0.034020
0.031350
0.030841
0.038654
0.025777
-0.040193
-0.023195
-0.048447
-0.044623
-0.010956
0.010763
-0.009500
0.024176
0.050608
0.047821
0.029755
-0.003909
0.021403
-0.001566
-0.055657
0.022792
0.024587
0.027555
-0.015328
-0.027056
0.156340
0.029282
0.018370
0.027156
-0.033331
0.026022
0.043631
-0.065165
0.020344
0.014209
-0.284018
-0.014765
0.037436
-0.110962
0.029950
0.038581
-0.019757
0.017055
0.036615
0.041681
-0.000545
-0.027223
0.019215
0.052937
0.034973
0.021353
0.038845
0.036620
0.012070
-0.026618
0.000782
0.012318
0.018013
0.032079
0.034851
0.035871
-0.004032
0.023418
0.027588
0.002640
0.051116
0.034180
-0.009746
0.016165
0.042780
0.036474
0.047231
-0.001463
-0.075974
0.099866
0.035596
-0.003431
-0.036293
0.019655
0.024250
-0.051795
0.002496
0.020102
-0.248544
-0.055239
0.037673
-0.044734
0.041557
0.043760
0.038377
0.035310
0.010258
0.034402
0.035282
0.017605
0.013473
0.046650
0.046698
0.027886
0.029766
0.042001
0.000281
0.006338
-0.006236
0.033945
0.033406
0.041278
0.000000
0.037321
0.038205
0.027716
0.041945
-0.000971
0.038339
0.022023
-0.000932
0.024274
0.046841
0.044002
0.013526
-0.000036
-0.074936
-0.001821
0.101953
0.000000
-0.056969
0.050313
0.040960
-0.064644
-0.009749
0.018015
-0.225509
-0.040258
0.042232
-0.040348
0.025630
0.041339
0.028540
-0.004735
0.019630
0.040374
0.000000
0.048301
0.002997
0.016756
0.031758
0.028506
0.036040
0.033390
-0.042760
-0.001320
-0.010883
0.021417
0.021818
0.039564
-0.000000
0.029304
0.026344
-0.000000
0.017752
-0.010439
-0.002052
0.040498
0.031269
0.038086
0.043318
0.033174
-0.024587
-0.000285
-0.053876
0.016814
0.026128
0.091456
-0.021393
0.012670
-0.000000
-0.039240
0.022395
0.033376
-0.239602
-0.042082
0.053924
-0.054409
0.000000
-0.009503
0.035047
0.052361
0.040856
0.025506
0.026980
0.018981
0.070577
0.057220
0.065448
0.059956
0.060150
0.067441
0.022269
0.016509
0.064873
0.081053
0.083760
0.077435
0.050450
0.069739
0.066385
0.045789
0.063067
0.034796
0.028306
0.064369
0.007478
0.064788
0.071295
0.073964
0.043661
0.078031
-0.036580
0.046477
0.045822
-0.006603
0.117678
0.066605
0.064357
-0.026740
0.041852
0.070332
-0.212140
-0.005024
0.075778
0.004584
0.027056
0.077386
0.093935
0.066457
0.062810
0.069956
0.067264
0.076143
-0.006526
0.036029
0.024902
-0.000137
0.035323
0.024021
-0.039704
-0.010281
-0.015005
0.027692
-0.000241
0.028008
0.053374
0.038040
0.022125
0.024613
0.021098
-0.046206
0.005770
0.004401
-0.006544
0.034446
0.042135
0.041088
-0.023317
-0.000051
-0.048657
0.012974
0.044533
0.032843
0.006955
0.088411
0.026455
-0.039304
-0.000827
0.050262
-0.254205
-0.022253
0.054443
-0.057960
-0.000000
-0.024256
0.023118
0.052235
0.009706
0.014472
0.045131
0.042470
0.008364
0.044196
-0.000000
0.010798
0.000000
0.021935
-0.079164
-0.000062
-0.003235
0.004387
-0.000000
0.040103
0.052518
0.023052
0.048938
0.000000
0.000000
-0.013614
0.017992
-0.000000
-0.000000
-0.000000
0.046167
0.043469
-0.009107
0.000000
-0.044720
0.019978
0.031322
0.060702
0.021685
-0.001173
0.088097
-0.034997
-0.020610
0.042440
-0.266517
-0.027017
0.000000
-0.037072
-0.000000
0.000000
0.034252
0.000000
0.009601
0.038860
0.000000
0.036655
0.032047
0.026142
0.027035
0.019814
0.024904
0.021170
-0.023436
-0.028985
-0.027056
-0.079219
-0.016297
-0.004305
-0.004310
0.032455
0.045315
0.038288
-0.000000
0.030652
0.025675
-0.027722
-0.004069
0.010681
0.033791
0.024780
-0.012227
-0.006286
-0.084838
0.040505
-0.041271
-0.000000
-0.024724
0.039245
0.049179
0.137550
0.056308
0.004504
-0.289004
-0.037110
0.031436
-0.089654
0.033061
0.036323
-0.016166
-0.000000
0.010660
0.040854
-0.000000
-0.015605
0.007354
0.030808
0.034259
-0.006592
0.015596
0.021464
-0.023256
-0.036869
-0.022534
-0.001695
-0.018952
0.008130
0.020323
0.029384
0.025349
0.017641
-0.004420
-0.138250
0.035503
0.011099
-0.027292
0.009474
0.029449
0.018550
0.035050
0.009125
-0.093011
-0.001592
0.027955
-0.000000
-0.014310
0.034858
0.020704
-0.046012
0.098797
0.007264
-0.263456
-0.062076
0.018802
-0.056462
0.015939
0.037831
0.027967
0.006053
0.001579
-0.014524
0.006576
-0.000223
0.018471
0.021070
0.044528
0.030989
0.039327
0.045896
-0.038405
-0.003906
-0.022909
0.004591
-0.000000
0.018904
-0.000000
0.039061
0.055752
0.069702
0.056403
-0.005114
0.008463
0.011131
-0.000125
-0.003834
0.047280
0.053358
0.005107
-0.008538
-0.035360
0.006627
0.022413
0.026725
-0.003287
0.036778
-0.000000
-0.039449
0.002010
0.096788
-0.262716
-0.093871
0.046365
-0.044426
0.050770
0.023538
0.015859
0.037429
-0.022921
0.025272
0.000000
-0.011996
-0.304949
-0.276642
-0.286599
-0.297341
-0.286868
-0.284579
-0.327936
-0.258214
-0.271659
-0.449686
-0.274940
-0.268952
-0.281678
-0.291290
-0.286022
-0.288212
-0.288211
-0.345840
-0.304718
-0.301863
-0.290533
-0.265679
-0.292524
-0.291585
-0.328481
-0.270611
-0.252406
-0.315289
-0.276525
-0.299970
-0.304577
-0.287116
-0.288512
-0.259047
-0.305903
-0.276169
-0.218447
-0.356337
-0.293795
-0.270603
-0.288924
-0.293033
-0.319131
-0.285877
-0.268241
-0.285661
-0.290160
-0.317556
-0.051118
-0.031545
-0.011439
-0.017465
-0.027807
-0.003931
-0.015587
-0.036724
-0.043843
0.068959
-0.034781
-0.013368
-0.030556
-0.009580
-0.024579
-0.005713
0.008421
-0.023415
-0.035657
-0.036999
-0.040458
-0.012077
-0.006977
-0.013014
-0.027332
-0.045824
-0.086137
-0.033590
-0.029907
-0.018282
-0.091804
-0.007024
-0.023066
-0.052368
-0.060269
-0.073054
-0.299462
0.154025
-0.014591
-0.089247
-0.023367
-0.015233
-0.043088
-0.027415
-0.025697
-0.028467
-0.036771
-0.213976
0.006870
0.035500
0.042882
0.032841
0.049781
0.040299
-0.031699
-0.007444
-0.012075
0.009186
-0.000000
0.021187
0.000000
0.044519
0.027056
0.027056
0.062219
0.001938
0.016306
0.020381
-0.000000
0.045876
0.049860
0.050817
0.006593
-0.000000
-0.060683
0.016585
0.025656
0.027056
0.006344
0.017108
0.000000
-0.044100
0.035078
0.025792
-0.254211
-0.042031
0.081751
-0.047850
0.027056
0.033314
0.036826
0.055991
0.032776
0.038264
0.000000
0.016548
0.026536
0.016879
0.032790
0.029677
0.009148
0.022559
-0.018639
-0.014980
-0.029692
-0.057462
-0.041938
-0.005706
-0.005515
0.030142
0.020918
0.026415
0.033131
0.020294
0.016678
0.002286
-0.054124
0.033731
0.031350
0.034596
-0.012658
-0.045499
-0.138600
-0.014859
0.011606
0.018159
-0.034730
0.022855
0.024276
-0.059497
0.045022
0.003891
-0.277245
-0.032675
0.013687
0.139521
0.027714
0.055110
-0.013564
0.017413
0.024467
0.023092
-0.000702
-0.051782
0.026001
-0.000000
-0.000000
0.019754
0.027056
0.049351
-0.019041
-0.000000
-0.000540
0.035224
0.000000
0.043688
0.065905
-0.000000
0.000000
0.000000
0.000000
-0.006973
0.018115
0.025854
-0.000000
0.042580
0.000000
0.044478
-0.012352
0.000000
-0.039084
0.033444
0.052993
0.000000
0.018742
0.015563
-0.000000
-0.018924
0.014751
0.049235
-0.263362
-0.037157
0.027056
-0.024866
0.080831
-0.000000
0.061498
0.058265
0.034215
0.016750
0.000000
0.041618
0.027126
0.035395
0.042515
0.007966
0.035179
0.037451
-0.026580
-0.020277
-0.005693
0.015063
-0.000362
0.035528
0.046515
0.028959
0.040896
0.031233
0.020608
-0.046251
0.008737
0.028833
-0.008097
0.038914
0.021080
0.023902
-0.058508
-0.000866
-0.052250
0.002996
0.045881
-0.000000
0.021400
0.003532
0.029107
-0.052762
-0.001965
0.032142
-0.258026
-0.052073
0.044319
-0.047183
0.020412
0.087602
0.038559
0.042836
0.034717
0.019759
0.039626
0.033880
0.036474
0.037239
0.018233
0.035657
0.027056
0.033164
-0.013686
0.104418
0.022729
-0.136013
0.096700
0.019635
-0.057582
0.034579
0.053331
0.065576
0.000000
0.004970
0.014426
0.033844
0.101114
0.051308
0.033132
0.035513
-0.004071
0.098094
-0.018600
0.020533
0.024157
-0.005671
-0.030389
0.045775
0.000000
-0.007845
0.037989
0.017146
-0.249481
-0.078403
0.062075
0.001215
0.000000
0.027056
0.101695
0.032406
0.038989
0.047472
0.027056
0.027023
0.015562
0.041317
0.038590
0.029974
0.039349
0.043325
-0.018202
-0.027129
-0.006630
0.024145
-0.000000
0.046798
-0.000000
0.043598
0.058765
0.051308
0.049229
0.006418
0.022561
0.006195
-0.014531
0.038358
0.050620
0.046659
0.000836
-0.012731
-0.051095
0.007680
0.034623
0.000000
0.015764
0.027504
0.054754
-0.041957
0.028688
0.001192
-0.256135
-0.035493
0.027056
-0.038565
-0.000000
0.019878
0.038891
0.083589
0.028536
0.037258
0.055174
0.023495
0.038693
0.014569
0.060498
0.027986
0.041880
0.063252
0.008472
-0.000000
-0.007252
-0.009381
-0.000000
0.023989
0.000000
0.056292
0.061352
0.046274
0.000000
0.017395
0.039210
0.000000
-0.000000
-0.000000
0.059217
0.058674
0.026898
0.000000
-0.049428
-0.065607
-0.060484
0.000000
-0.039654
-0.010142
0.010965
-0.023577
-0.054113
0.000000
-0.267866
-0.055726
0.000000
-0.039236
0.059069
-0.007628
-0.028781
-0.000000
0.097829
-0.003436
0.000000
-0.000615
0.033818
0.049796
0.064537
0.052223
0.026607
0.055226
-0.027907
-0.000000
-0.000496
-0.000226
-0.000241
0.000000
-0.000000
0.063560
0.062353
-0.000000
0.000000
0.030578
0.018163
0.000000
-0.000000
-0.000000
0.058457
0.057833
-0.029121
-0.000000
-0.039594
0.020365
0.032464
-0.000000
-0.004621
0.054236
0.000000
-0.024383
-0.000000
0.000000
-0.266163
-0.042198
0.000000
-0.029976
0.059823
0.086105
0.000000
0.000000
0.000000
0.086098
0.000000
-0.000000
0.000000
0.000000
0.000000
0.026321
0.000000
0.032893
-0.022259
0.000000
-0.003007
0.017128
0.000000
0.035220
0.000000
0.000000
0.052870
0.058968
0.027056
0.008534
-0.001526
0.022364
0.000000
0.034233
0.039531
0.048370
-0.017742
0.000000
-0.047425
0.031664
0.026741
0.000000
-0.001269
0.000000
0.000000
-0.027863
0.032194
-0.000000
-0.267460
-0.048000
0.000000
-0.033268
0.050128
0.054825
0.045671
0.000000
0.046577
0.055066
0.080985
-0.000000
0.012588
0.010090
0.028845
0.012496
0.007351
0.020481
-0.050088
-0.002830
-0.022803
0.019551
0.008023
0.022314
-0.000254
0.020777
0.007132
0.031437
0.044289
0.002682
0.009202
0.019567
-0.000000
0.027620
0.028196
0.025447
-0.008421
-0.024546
-0.056052
-0.008857
0.019582
-0.000000
-0.023270
0.014303
-0.013765
-0.031414
-0.009245
-0.024118
-0.207232
-0.171167
0.015493
-0.039066
-0.001095
-0.001030
0.028518
0.017578
0.013319
0.000362
-0.008975
0.113940

