4609
0.000000
-0.954671
-0.947427
-0.956003
-0.962476
-0.938495
-0.972585
-0.978588
-0.953135
-0.943389
-0.995370
-0.944039
-0.956619
-0.942067
-0.962111
-0.937215
-0.937618
-0.933350
-0.984070
-0.968822
-0.970009
-0.950741
-0.946724
-0.957296
-0.973409
-0.981094
-0.939174
-0.963995
-0.978453
-0.965744
-0.944301
-0.989449
-0.946538
-0.952703
-0.957833
-0.984109
-0.954232
-1.117825
-1.037381
-0.930955
-0.963938
-0.934803
-0.964673
-0.987916
-0.958277
-0.952944
-0.958430
-0.940362
-0.966423
0.025736
0.038229
0.025903
0.024935
0.025414
0.025197
0.027411
0.024753
0.024536
0.024650
0.024587
0.024791
0.024658
0.028327
0.024554
0.024562
0.024508
0.024737
0.026513
0.024772
0.024772
0.024861
0.025115
0.025227
0.024643
0.024481
0.024601
0.024992
0.024706
0.024619
0.025108
0.024713
0.025040
0.024671
0.025292
0.024573
0.025025
0.024695
0.024420
0.024631
0.024592
0.024837
0.024859
0.024932
0.024555
0.025077
0.024690
0.024270
0.016089
0.014319
0.019990
0.014748
0.014290
0.015843
0.015735
0.014368
0.014232
0.014254
0.014248
0.014372
0.014303
0.015194
0.014187
0.014232
0.014197
0.014483
0.014425
0.014382
0.014360
0.014253
0.014457
0.014639
0.014167
0.014191
0.014292
0.014629
0.014401
0.014266
0.014600
0.015100
0.014524
0.014284
0.014729
0.014267
0.014564
0.014367
0.014141
0.014268
0.014312
0.014408
0.014488
0.014424
0.014361
0.014505
0.014304
0.014098
0.023324
0.018572
0.019674
0.029553
0.018756
0.019530
0.020111
0.019061
0.018919
0.018812
0.018879
0.018974
0.018842
0.019037
0.018963
0.018840
0.018810
0.019153
0.018951
0.019054
0.019026
0.018884
0.018946
0.019097
0.018757
0.018814
0.018935
0.019828
0.018980
0.018909
0.019071
0.019943
0.019835
0.018944
0.019902
0.018903
0.019338
0.019057
0.018753
0.018881
0.018905
0.019149
0.019100
0.019052
0.019351
0.019251
0.018963
0.018660
0.011373
0.010421
0.010243
0.009825
0.012947
0.009859
0.010638
0.009609
0.009526
0.009528
0.009518
0.009586
0.009530
0.010141
0.009529
0.009521
0.009495
0.009617
0.009690
0.009620
0.009594
0.009589
0.009587
0.009647
0.009446
0.009489
0.009557
0.010133
0.009575
0.009541
0.009755
0.009910
0.009695
0.009601
0.009742
0.009529
0.009762
0.009580
0.009464
0.009533
0.009509
0.009597
0.009654
0.009643
0.009526
0.009703
0.009566
0.009402
0.015972
0.015483
0.016671
0.015904
0.015576
0.024855
0.015924
0.015717
0.015595
0.015711
0.015651
0.015895
0.015582
0.015872
0.015616
0.015628
0.015530
0.016030
0.015679
0.015785
0.015695
0.015618
0.015800
0.017372
0.015573
0.015556
0.015651
0.016392
0.015871
0.015607
0.015972
0.016058
0.015874
0.015671
0.015969
0.015617
0.016026
0.015900
0.015496
0.015757
0.015712
0.015929
0.015903
0.015902
0.015790
0.015853
0.015662
0.015624
0.027125
0.023532
0.024297
0.023650
0.023123
0.023598
0.047627
0.023571
0.023302
0.023019
0.023255
0.023421
0.023307
0.023591
0.023122
0.023268
0.023291
0.023372
0.023689
0.023596
0.023496
0.023307
0.023318
0.023479
0.023114
0.023226
0.023340
0.023714
0.023384
0.023357
0.023513
0.023168
0.023761
0.023397
0.023967
0.023347
0.023971
0.023606
0.023127
0.023316
0.023180
0.023412
0.023615
0.023547
0.023241
0.023723
0.023419
0.023014
0.009099
0.008936
0.009062
0.009204
0.009008
0.009251
0.009130
0.017747
0.008984
0.009184
0.009196
0.009445
0.008963
0.009106
0.008977
0.008984
0.008976
0.009029
0.009058
0.009074
0.009206
0.009029
0.009068
0.009153
0.008999
0.008980
0.008988
0.009202
0.009117
0.009010
0.009154
0.008973
0.009160
0.009463
0.009298
0.009011
0.009306
0.009053
0.008957
0.009045
0.009017
0.009101
0.009790
0.009189
0.009110
0.009176
0.009042
0.008924
0.006643
0.006562
0.006620
0.006694
0.006599
0.006718
0.006678
0.006674
0.012512
0.006682
0.006657
0.006644
0.006586
0.006637
0.006609
0.006625
0.006635
0.006639
0.006605
0.006695
0.006670
0.006624
0.006642
0.006698
0.006559
0.007130
0.006749
0.006655
0.006624
0.006624
0.006675
0.006545
0.006696
0.006635
0.006797
0.007064
0.006793
0.007123
0.006554
0.007383
0.006599
0.006709
0.006673
0.006679
0.006612
0.006757
0.006685
0.006578
0.058077
0.057285
0.057965
0.058230
0.057481
0.058679
0.058210
0.058560
0.057942
0.107539
0.058129
0.058694
0.057792
0.058047
0.057540
0.057757
0.057884
0.058041
0.057997
0.058700
0.058523
0.057659
0.057938
0.058502
0.057877
0.057706
0.059189
0.058345
0.058203
0.057823
0.059403
0.057363
0.058497
0.059233
0.058420
0.057958
0.063167
0.059335
0.057698
0.058661
0.057629
0.058325
0.065679
0.058635
0.057620
0.058658
0.058035
0.057410
0.010298
0.010143
0.010296
0.010380
0.010209
0.010496
0.010326
0.010530
0.010272
0.010468
0.016182
0.010870
0.010505
0.010333
0.010209
0.010215
0.010183
0.010224
0.010278
0.010355
0.010852
0.010345
0.010346
0.010572
0.010252
0.010507
0.010295
0.010365
0.010264
0.010237
0.010551
0.010142
0.010374
0.010288
0.010412
0.010263
0.010942
0.010396
0.010160
0.011322
0.010194
0.010332
0.010912
0.010402
0.010224
0.010402
0.010288
0.010299
0.012182
0.012065
0.012278
0.012310
0.012152
0.012785
0.012273
0.012456
0.012118
0.012372
0.012565
0.020375
0.012343
0.012271
0.012133
0.012157
0.012102
0.012168
0.012201
0.012331
0.012270
0.012191
0.012303
0.012500
0.012139
0.012102
0.012147
0.012504
0.012411
0.012170
0.012779
0.012069
0.012330
0.012265
0.012332
0.012172
0.013397
0.012339
0.012130
0.012369
0.012137
0.012299
0.012781
0.012681
0.012192
0.012378
0.012194
0.012186
0.007210
0.007112
0.007264
0.007256
0.007173
0.007317
0.007314
0.007223
0.007146
0.007100
0.007295
0.007394
0.014272
0.007222
0.007160
0.007147
0.007133
0.007304
0.007292
0.007228
0.007284
0.007150
0.007233
0.007368
0.007276
0.007147
0.007139
0.007289
0.007160
0.007168
0.007408
0.007121
0.007281
0.007185
0.007344
0.007170
0.007291
0.007182
0.007112
0.007169
0.007154
0.007271
0.007663
0.007344
0.007142
0.007268
0.007199
0.007076
0.022477
0.024515
0.024109
0.022311
0.022212
0.022909
0.022865
0.022177
0.021980
0.022012
0.022047
0.022212
0.022141
0.031719
0.021957
0.021969
0.021943
0.023208
0.024006
0.022193
0.022194
0.022123
0.023745
0.023175
0.022127
0.021941
0.021989
0.022437
0.022115
0.022036
0.022521
0.022443
0.022403
0.022081
0.022717
0.022029
0.022436
0.022153
0.021858
0.022076
0.022123
0.022323
0.022238
0.022283
0.022032
0.022444
0.022110
0.021786
0.008716
0.008468
0.008757
0.009343
0.008551
0.009695
0.008652
0.008643
0.008566
0.008626
0.008536
0.008599
0.008506
0.008637
0.010833
0.008553
0.008505
0.008590
0.008595
0.008626
0.008601
0.008556
0.008627
0.008712
0.008550
0.008509
0.008531
0.010361
0.008633
0.008576
0.008710
0.009387
0.008921
0.008574
0.008705
0.008562
0.009054
0.008666
0.008474
0.008522
0.008667
0.008822
0.008766
0.008685
0.008762
0.008707
0.008582
0.008498
0.004796
0.004766
0.004818
0.004844
0.004788
0.005091
0.004844
0.004836
0.004799
0.004920
0.004809
0.004929
0.004784
0.004830
0.004774
0.006707
0.004768
0.004808
0.004803
0.004841
0.004830
0.004807
0.004844
0.005311
0.004786
0.004789
0.004784
0.004898
0.005079
0.004847
0.006206
0.004738
0.004849
0.004805
0.004906
0.004853
0.005086
0.004865
0.004753
0.004805
0.004777
0.004858
0.004994
0.004890
0.004818
0.004881
0.004821
0.004797
0.003580
0.003547
0.003581
0.003618
0.003563
0.003674
0.003597
0.003614
0.003619
0.003888
0.003604
0.003678
0.003554
0.003585
0.003572
0.003592
0.004471
0.003589
0.003590
0.003719
0.003619
0.003610
0.003598
0.003641
0.003573
0.003573
0.003595
0.003644
0.003646
0.003586
0.003820
0.003537
0.003610
0.003595
0.003649
0.003698
0.003875
0.004160
0.003581
0.003647
0.003562
0.003614
0.003865
0.003679
0.003709
0.003639
0.003601
0.003943
0.034720
0.033502
0.034265
0.034484
0.033938
0.035005
0.034483
0.034163
0.033916
0.034107
0.033857
0.034086
0.034030
0.034369
0.033853
0.033900
0.033828
0.071415
0.034033
0.034228
0.034150
0.033946
0.033987
0.034718
0.033814
0.033816
0.033909
0.034208
0.034005
0.033947
0.034261
0.033885
0.034404
0.034128
0.038641
0.033987
0.035016
0.034159
0.033789
0.033940
0.033901
0.034617
0.034379
0.034499
0.033902
0.034501
0.034074
0.033601
0.022687
0.022917
0.022956
0.022892
0.022648
0.022979
0.023822
0.022785
0.022607
0.022622
0.022607
0.022794
0.022761
0.024446
0.022660
0.022545
0.022568
0.022695
0.043636
0.022793
0.022795
0.022679
0.023425
0.023300
0.024187
0.022539
0.022568
0.022998
0.022761
0.022713
0.022885
0.022525
0.023134
0.022702
0.023124
0.022656
0.023076
0.022803
0.022471
0.022666
0.022601
0.023084
0.022860
0.022885
0.022603
0.023116
0.022758
0.022375
0.020371
0.020236
0.020496
0.020691
0.020323
0.020721
0.020547
0.020533
0.020422
0.020729
0.020398
0.020761
0.020276
0.020442
0.020363
0.020320
0.020331
0.020500
0.020435
0.043597
0.020522
0.020531
0.020531
0.020684
0.020109
0.020245
0.020450
0.020622
0.020395
0.020390
0.020571
0.020145
0.020571
0.020609
0.020862
0.020492
0.021687
0.021191
0.020666
0.020602
0.020306
0.020580
0.020631
0.021392
0.020527
0.020842
0.020478
0.020294
0.005651
0.005528
0.005607
0.005656
0.005570
0.005643
0.005631
0.005696
0.005566
0.005718
0.005767
0.005635
0.005572
0.005640
0.005580
0.005568
0.005551
0.005589
0.005605
0.005636
0.011392
0.005597
0.005600
0.005656
0.005553
0.005602
0.006106
0.005640
0.005595
0.005611
0.005646
0.005563
0.005673
0.005607
0.005799
0.005591
0.005730
0.005586
0.005536
0.005628
0.005589
0.005653
0.005921
0.005638
0.005606
0.005705
0.005605
0.005552
0.012026
0.011893
0.011902
0.011998
0.011741
0.012037
0.012154
0.011882
0.011840
0.011782
0.011838
0.011987
0.011817
0.011941
0.011799
0.011795
0.011795
0.011936
0.011982
0.011977
0.011915
0.022294
0.011938
0.012042
0.011945
0.011768
0.011995
0.011951
0.011896
0.011877
0.012043
0.011739
0.011954
0.011884
0.011966
0.011864
0.013266
0.012097
0.011725
0.012054
0.011778
0.011937
0.011906
0.012006
0.011877
0.012124
0.011868
0.011876
0.025089
0.025437
0.025586
0.025288
0.024963
0.026167
0.025367
0.025161
0.024948
0.025157
0.025009
0.025311
0.025133
0.028144
0.024950
0.024920
0.024874
0.025796
0.027054
0.025168
0.025244
0.025028
0.033508
0.029473
0.027242
0.024891
0.024907
0.025603
0.025117
0.025057
0.025614
0.025101
0.025437
0.025032
0.025737
0.024984
0.025430
0.025173
0.024802
0.025010
0.025321
0.026421
0.025375
0.025301
0.025030
0.025783
0.025082
0.024903
0.030434
0.030266
0.030907
0.030610
0.030260
0.034254
0.031149
0.030451
0.030248
0.030584
0.030414
0.030752
0.030441
0.031552
0.030165
0.030402
0.030132
0.031587
0.031003
0.030501
0.030509
0.030359
0.033654
0.044118
0.032580
0.030176
0.030289
0.030811
0.030536
0.030416
0.031422
0.030232
0.030848
0.030367
0.030995
0.030392
0.031020
0.030795
0.030069
0.030430
0.030500
0.031471
0.030895
0.030713
0.030326
0.030972
0.030404
0.030538
0.038246
0.038131
0.038498
0.038834
0.038357
0.038833
0.038753
0.038593
0.038297
0.038688
0.038207
0.038546
0.038281
0.038755
0.038371
0.038226
0.038195
0.038343
0.040143
0.038539
0.038601
0.038416
0.040139
0.040546
0.078326
0.038154
0.038174
0.038893
0.038414
0.038613
0.038791
0.038007
0.039052
0.038448
0.039106
0.038320
0.039269
0.038599
0.038073
0.038277
0.038284
0.040017
0.038744
0.038791
0.038192
0.040261
0.038536
0.038242
0.007054
0.006988
0.007072
0.007132
0.007036
0.007123
0.007092
0.007095
0.007682
0.007169
0.007244
0.007077
0.007026
0.007061
0.007013
0.007025
0.007013
0.007062
0.007046
0.007105
0.007192
0.007052
0.007115
0.007176
0.007001
0.013171
0.007052
0.007097
0.007043
0.007043
0.007094
0.006961
0.007128
0.007068
0.007165
0.007237
0.007311
0.007276
0.006981
0.007264
0.007005
0.007148
0.007315
0.007135
0.007043
0.007180
0.007111
0.007245
0.021981
0.021557
0.021865
0.022019
0.021686
0.022012
0.021859
0.021894
0.021851
0.022453
0.021719
0.021800
0.021607
0.021700
0.021778
0.021714
0.021631
0.021639
0.021765
0.021954
0.023115
0.021784
0.021791
0.022086
0.021477
0.021626
0.047293
0.022015
0.021773
0.021763
0.022008
0.021608
0.022031
0.022007
0.022017
0.021799
0.022582
0.022066
0.021548
0.022565
0.021683
0.021910
0.021946
0.021902
0.021789
0.022161
0.021852
0.021416
0.030676
0.029670
0.030544
0.031501
0.030184
0.031887
0.030572
0.030208
0.029877
0.029895
0.029845
0.030281
0.029880
0.030291
0.030576
0.029841
0.029845
0.030055
0.030108
0.030259
0.030112
0.029893
0.030055
0.030326
0.029867
0.029786
0.029982
0.055020
0.030225
0.029971
0.030316
0.031704
0.030603
0.030116
0.030512
0.029936
0.030860
0.030203
0.029707
0.029920
0.029895
0.030737
0.030375
0.030303
0.030480
0.030458
0.030059
0.029515
0.024584
0.024232
0.024679
0.024718
0.024411
0.025314
0.024718
0.024614
0.024313
0.024718
0.024417
0.025014
0.024285
0.024656
0.024344
0.024665
0.024368
0.024420
0.024539
0.024595
0.024518
0.024426
0.024588
0.024880
0.024324
0.024318
0.024343
0.025004
0.047398
0.024562
0.027795
0.024331
0.024721
0.024424
0.025059
0.024415
0.025193
0.024537
0.024276
0.024387
0.024338
0.024833
0.025316
0.024919
0.024495
0.024824
0.024511
0.024124
0.008655
0.008532
0.008638
0.008721
0.008561
0.008754
0.008719
0.008667
0.008596
0.008796
0.008593
0.008752
0.008573
0.008691
0.008569
0.008710
0.008581
0.008620
0.008784
0.008672
0.008696
0.008655
0.008730
0.008853
0.008998
0.008580
0.008575
0.008790
0.008887
0.015005
0.010316
0.008560
0.008735
0.008621
0.008746
0.008612
0.009051
0.008658
0.008541
0.008602
0.008575
0.008725
0.009014
0.008715
0.008598
0.008792
0.008649
0.008530
0.037886
0.037370
0.037951
0.038031
0.037605
0.038855
0.038083
0.037854
0.037507
0.038464
0.037674
0.038611
0.037814
0.038148
0.037489
0.038671
0.037475
0.037839
0.037859
0.037892
0.037813
0.037663
0.037987
0.038786
0.037608
0.037440
0.037514
0.038461
0.040315
0.038571
0.070336
0.037402
0.038048
0.037668
0.038375
0.037615
0.038892
0.037959
0.037351
0.037597
0.037494
0.038094
0.039399
0.038215
0.037571
0.038327
0.037748
0.037188
0.017387
0.016581
0.018190
0.017810
0.016819
0.018015
0.017083
0.016829
0.016676
0.016614
0.016674
0.016799
0.016649
0.017092
0.016971
0.016650
0.016615
0.016849
0.016807
0.016827
0.016808
0.016664
0.016734
0.016921
0.016638
0.016601
0.016689
0.017826
0.016782
0.016688
0.016968
0.026808
0.017149
0.016732
0.017075
0.016697
0.017084
0.016787
0.016557
0.016695
0.016778
0.017099
0.016975
0.016892
0.016802
0.016966
0.016748
0.016446
0.004172
0.004017
0.004117
0.004687
0.004045
0.004158
0.004365
0.004105
0.004073
0.004034
0.004056
0.004085
0.004049
0.004099
0.004054
0.004049
0.004051
0.004111
0.004151
0.004098
0.004089
0.004050
0.004091
0.004141
0.004103
0.004056
0.004045
0.004219
0.004078
0.004059
0.004119
0.004239
0.006720
0.004090
0.004245
0.004065
0.004154
0.004131
0.004030
0.004064
0.004061
0.004134
0.004108
0.004103
0.004177
0.004147
0.004080
0.004008
0.015395
0.015181
0.015305
0.015494
0.015296
0.015482
0.015366
0.016043
0.015340
0.015929
0.015447
0.015609
0.015204
0.015323
0.015258
0.015269
0.015285
0.015308
0.015353
0.015560
0.015413
0.015370
0.015339
0.015457
0.015125
0.015281
0.015614
0.015555
0.015291
0.015296
0.015430
0.015148
0.015470
0.032585
0.015722
0.015359
0.016035
0.015525
0.015257
0.015898
0.015269
0.015421
0.015611
0.015525
0.015264
0.015585
0.015403
0.015129
0.027007
0.025651
0.026171
0.026644
0.025851
0.026320
0.026507
0.026125
0.025991
0.025999
0.025907
0.026064
0.025903
0.026347
0.025885
0.025863
0.025838
0.030028
0.026169
0.026209
0.026177
0.025916
0.026075
0.026298
0.025959
0.025860
0.025980
0.026181
0.026070
0.025958
0.026084
0.025869
0.026422
0.026177
0.052744
0.025941
0.026389
0.026105
0.025803
0.026041
0.025893
0.026379
0.026251
0.026465
0.026014
0.026394
0.026017
0.025618
0.014481
0.014332
0.014469
0.014587
0.014376
0.014582
0.014561
0.014510
0.015440
0.014459
0.014418
0.014498
0.014347
0.014444
0.014429
0.014448
0.014374
0.014491
0.014496
0.014721
0.014469
0.014472
0.014465
0.014665
0.014357
0.014519
0.014477
0.014514
0.014435
0.014418
0.014561
0.014278
0.014577
0.014451
0.014628
0.030846
0.014902
0.016218
0.014364
0.014511
0.014391
0.014582
0.014561
0.014561
0.014438
0.014730
0.014545
0.014349
0.090824
0.090662
0.091393
0.092399
0.090756
0.091256
0.091717
0.091629
0.090874
0.090413
0.090717
0.092543
0.090496
0.090905
0.091008
0.090975
0.090493
0.091050
0.091144
0.091954
0.091735
0.090787
0.091354
0.091434
0.089935
0.090395
0.091005
0.091757
0.091095
0.091140
0.091934
0.089793
0.092013
0.090986
0.091623
0.090870
0.240731
0.091942
0.089911
0.090683
0.090814
0.092049
0.091692
0.091599
0.090799
0.092725
0.091593
0.089960
0.060240
0.059895
0.060691
0.061024
0.060316
0.061295
0.060934
0.060806
0.060479
0.060694
0.060130
0.060565
0.059985
0.060535
0.060372
0.060414
0.060435
0.060329
0.060428
0.061217
0.060645
0.060151
0.060433
0.061060
0.059648
0.060037
0.060494
0.060826
0.060308
0.060470
0.060656
0.059616
0.060952
0.060507
0.060719
0.060856
0.062665
0.140052
0.059894
0.060675
0.060316
0.060925
0.060958
0.060931
0.060398
0.061548
0.060877
0.066864
0.006023
0.005994
0.006063
0.006105
0.006016
0.006252
0.006073
0.006096
0.006051
0.006621
0.006156
0.006775
0.006021
0.006060
0.006025
0.006028
0.006034
0.006056
0.006057
0.007341
0.006092
0.006106
0.006089
0.006158
0.005975
0.006015
0.006095
0.006123
0.006042
0.006027
0.006114
0.005964
0.006099
0.006163
0.006120
0.006061
0.006560
0.006631
0.007646
0.006489
0.006013
0.006095
0.006231
0.006281
0.006061
0.006157
0.006075
0.006257
0.021111
0.020850
0.021119
0.021385
0.021059
0.021533
0.021290
0.021267
0.021783
0.021516
0.022489
0.021449
0.021008
0.021087
0.021081
0.021102
0.021016
0.020951
0.021096
0.021442
0.021284
0.021185
0.021172
0.021494
0.020863
0.021298
0.021794
0.021202
0.021104
0.021115
0.021258
0.020875
0.021351
0.021347
0.021520
0.021232
0.022037
0.022005
0.020937
0.043344
0.021037
0.021328
0.021356
0.021295
0.021114
0.021516
0.021264
0.020979
0.002657
0.002618
0.002844
0.002747
0.002620
0.003016
0.002662
0.002660
0.002622
0.002685
0.002620
0.002656
0.002634
0.002760
0.002672
0.002619
0.002612
0.002738
0.002683
0.002650
0.002662
0.002622
0.002931
0.002963
0.002638
0.002620
0.002625
0.002795
0.002633
0.002624
0.002651
0.002841
0.002710
0.002634
0.002710
0.002631
0.002671
0.002641
0.002607
0.002631
0.002705
0.002883
0.002672
0.002658
0.002698
0.002675
0.002635
0.002598
0.015526
0.015402
0.015603
0.015807
0.015498
0.016021
0.015665
0.015596
0.015498
0.015638
0.015458
0.015644
0.015454
0.015677
0.015523
0.015472
0.015445
0.015920
0.015718
0.015595
0.015591
0.015462
0.016223
0.016382
0.016638
0.015450
0.015468
0.015900
0.015663
0.015500
0.015722
0.015683
0.015770
0.015521
0.015907
0.015515
0.015796
0.015645
0.015417
0.015591
0.015535
0.028759
0.015671
0.015712
0.015659
0.016104
0.015618
0.015420
0.031000
0.030586
0.030966
0.031166
0.030786
0.031489
0.031171
0.031631
0.030859
0.034777
0.031268
0.031546
0.031316
0.030975
0.030767
0.030854
0.030770
0.031061
0.031021
0.031167
0.031611
0.030809
0.031063
0.031346
0.030943
0.030844
0.030822
0.031310
0.031302
0.030967
0.032440
0.030646
0.031276
0.031039
0.031313
0.030898
0.032226
0.031135
0.030686
0.030912
0.030771
0.031166
0.059230
0.031673
0.030814
0.031330
0.030985
0.030815
0.011411
0.011315
0.011477
0.011521
0.011380
0.011971
0.011500
0.011609
0.011381
0.011613
0.011382
0.011973
0.011546
0.011477
0.011381
0.011370
0.011386
0.011572
0.011435
0.012198
0.011466
0.011445
0.011452
0.011601
0.011423
0.011354
0.011356
0.011654
0.011588
0.011402
0.011669
0.011394
0.011529
0.011456
0.011892
0.011408
0.011688
0.011588
0.011383
0.011416
0.011372
0.011638
0.012005
0.020772
0.011459
0.011577
0.011447
0.011427
0.016101
0.015771
0.016141
0.016532
0.015921
0.016586
0.016114
0.016092
0.015921
0.015929
0.015917
0.016113
0.015814
0.016079
0.015950
0.015905
0.015913
0.016060
0.015984
0.016044
0.016068
0.015936
0.016082
0.016191
0.015988
0.015877
0.015926
0.016996
0.016128
0.015992
0.016205
0.016124
0.016381
0.015988
0.016582
0.015933
0.016480
0.016023
0.015832
0.015950
0.015904
0.016488
0.016186
0.016171
0.031432
0.016203
0.016002
0.015828
0.006768
0.006705
0.006788
0.006852
0.006735
0.006830
0.006955
0.006794
0.006748
0.006768
0.006741
0.006823
0.006770
0.006856
0.006745
0.006717
0.006711
0.006887
0.006917
0.006780
0.006918
0.006858
0.007061
0.006948
0.008332
0.006769
0.006808
0.006826
0.006782
0.006784
0.006899
0.006708
0.006880
0.006776
0.006850
0.006761
0.006999
0.006779
0.006686
0.006765
0.006735
0.007218
0.006842
0.006826
0.006742
0.010765
0.006785
0.006712
0.001220
0.001212
0.001225
0.001237
0.001214
0.001244
0.001236
0.001234
0.001261
0.001246
0.001238
0.001237
0.001251
0.001229
0.001218
0.001218
0.001222
0.001263
0.001254
0.001242
0.001234
0.001239
0.001245
0.001258
0.001237
0.001318
0.001227
0.001236
0.001220
0.001219
0.001241
0.001211
0.001236
0.001229
0.001248
0.001494
0.001248
0.001360
0.001223
0.001243
0.001218
0.001261
0.001264
0.001258
0.001221
0.001258
0.001278
0.001502
0.030590
0.030440
0.030945
0.031096
0.030682
0.031457
0.031108
0.030974
0.030674
0.030787
0.030673
0.030955
0.030459
0.030781
0.030632
0.030603
0.030534
0.030906
0.030750
0.031078
0.030913
0.030722
0.030873
0.031354
0.030421
0.030625
0.030630
0.031035
0.030693
0.030727
0.031153
0.030367
0.030981
0.030778
0.030924
0.030749
0.031743
0.039237
0.030507
0.030704
0.030652
0.031032
0.031247
0.031171
0.030766
0.031283
0.031116
0.060547
0.000000
0.000000
0.000000
0.000000
0.000000
0.000000
0.000000
0.000000
0.000000
0.000000
0.000000
0.000000
0.000000
0.000000
0.000000
0.000000
0.000000
0.000000
0.000000
0.000000
0.000000
0.000000
0.000000
0.000000
0.000000
0.000000
0.000000
0.000000
0.000000
0.000000
0.000000
0.000000
0.000000
0.000000
0.000000
0.000000
0.000000
0.000000
0.000000
0.000000
0.000000
0.000000
0.000000
0.000000
0.000000
0.000000
0.000000
0.000000
0.000000
0.000000
0.000000
0.000000
0.000000
0.000000
0.000000
0.000000
0.000000
0.000000
0.000000
0.000000
0.000000
0.000000
0.000000
0.000000
0.000000
0.000000
0.000000
0.000000
0.000000
0.000000
0.000000
0.000000
0.000000
0.000000
0.000000
0.000000
0.000000
0.000000
0.000000
0.000000
0.000000
0.000000
0.000000
0.000000
0.000000
0.000000
0.000000
0.000000
0.000000
0.000000
0.000000
0.000000
0.000000
0.000000
0.000000
0.000000
0.000000
0.000000
0.000000
0.000000
0.000000
0.000000
0.000000
0.000000
0.000000
0.000000
0.000000
0.000000
0.000000
0.000000
0.000000
0.000000
0.000000
0.000000
0.000000
0.000000
0.000000
0.000000
0.000000
0.000000
0.000000
0.000000
0.000000
0.000000
0.000000
0.000000
0.000000
0.000000
0.000000
0.000000
0.000000
0.000000
0.000000
0.000000
0.000000
0.000000
0.000000
0.000000
0.000000
0.000000
0.000000
0.000000
0.000000
0.000000
0.000000
0.000000
0.000000
0.000000
0.000000
0.000000
0.000000
0.000000
0.000000
0.000000
0.000000
0.000000
0.000000
0.000000
0.000000
0.000000
0.000000
0.000000
0.000000
0.000000
0.000000
0.000000
0.000000
0.000000
0.000000
0.000000
0.000000
0.000000
0.000000
0.000000
0.000000
0.000000
0.000000
0.000000
0.000000
0.000000
0.000000
0.000000
0.000000
0.000000
0.000000
0.000000
0.000000
0.000000
0.000000
0.000000
0.000000
0.000000
0.000000
0.000000
0.000000
0.000000
0.000000
0.000000
0.000000
0.000000
0.000000
0.000000
0.000000
0.000000
0.000000
0.000000
0.000000
0.000000
0.000000
0.000000
0.000000
0.000000
0.000000
0.000000
0.000000
0.000000
0.000000
0.000000
0.000000
0.000000
0.000000
0.000000
0.000000
0.000000
0.000000
0.000000
0.000000
0.000000
0.000000
0.000000
0.000000
0.000000
0.000000
0.000000
0.000000
0.000000
0.000000
0.000000
0.000000
0.000000
0.000000
0.000000
0.000000
0.000000
0.000000
0.000000
0.000000
0.000000
0.000000
0.000000
0.000000
0.000000
0.000000
0.000000
0.000000
0.000000
0.000000
0.000000
0.000000
0.000000
0.000000
0.000000
0.000000
0.000000
0.000000
0.000000
0.000000
0.000000
0.000000
0.000000
0.000000
0.000000
0.000000
0.000000
0.000000
0.000000
0.000000
0.000000
0.000000
0.000000
0.000000
0.000000
0.000000
0.000000
0.000000
0.000000
0.000000
0.000000
0.000000
0.000000
0.000000
0.000000
0.000000
0.000000
0.000000
0.000000
0.000000
0.000000
0.000000
0.000000
0.000000
0.000000
0.000000
0.000000
0.000000
0.000000
0.000000
0.000000
0.000000
0.000000
0.000000
0.000000
0.000000
0.000000
0.000000
0.000000
0.000000
0.000000
0.000000
0.000000
0.000000
0.000000
0.000000
0.000000
0.000000
0.000000
0.000000
0.000000
0.000000
0.000000
0.000000
0.000000
0.000000
0.000000
0.000000
0.000000
0.000000
0.000000
0.000000
0.000000
0.000000
0.000000
0.000000
0.000000
0.000000
0.000000
0.000000
0.000000
0.000000
0.000000
0.000000
0.000000
0.000000
0.000000
0.000000
0.000000
0.000000
0.000000
0.000000
0.000000
0.000000
0.000000
0.000000
0.000000
0.000000
0.000000
0.000000
0.000000
0.000000
0.000000
0.000000
0.000000
0.000000
0.000000
0.000000
0.000000
0.000000
0.000000
0.000000
0.000000
0.000000
0.000000
0.000000
0.000000
0.000000
0.000000
0.000000
0.000000
0.000000
0.000000
0.000000
0.000000
0.000000
0.000000
0.000000
0.000000
0.000000
0.000000
0.000000
0.000000
0.000000
0.000000
0.000000
0.000000
0.000000
0.000000
0.000000
0.000000
0.000000
0.000000
0.000000
0.000000
0.000000
0.000000
0.000000
0.000000
0.000000
0.000000
0.000000
0.000000
0.000000
0.000000
0.000000
0.000000
0.000000
0.000000
0.000000
0.000000
0.000000
0.000000
0.000000
0.000000
0.000000
0.000000
0.000000
0.000000
0.000000
0.000000
0.000000
0.000000
0.000000
0.000000
0.000000
0.000000
0.000000
0.000000
0.000000
0.000000
0.000000
0.000000
0.000000
0.000000
0.000000
0.000000
0.000000
0.000000
0.000000
0.000000
0.000000
0.000000
0.000000
0.000000
0.000000
0.000000
0.000000
0.000000
0.000000
0.000000
0.000000
0.000000
0.000000
0.000000
0.000000
0.000000
0.000000
0.000000
0.000000
0.000000
0.000000
0.000000
0.000000
0.000000
0.000000
0.000000
0.000000
0.000000
0.000000
0.000000
0.000000
0.000000
0.000000
0.000000
0.000000
0.000000
0.000000
0.000000
0.000000
0.000000
0.000000
0.000000
0.000000
0.000000
0.000000
0.000000
0.000000
0.000000
0.000000
0.000000
0.000000
0.000000
0.000000
0.000000
0.000000
0.000000
0.000000
0.000000
0.000000
0.000000
0.000000
0.000000
0.000000
0.000000
0.000000
0.000000
0.000000
0.000000
0.000000
0.000000
0.000000
0.000000
0.000000
0.000000
0.000000
0.000000
0.000000
0.000000
0.000000
0.000000
0.000000
0.000000
0.000000
0.000000
0.000000
0.000000
0.000000
0.000000
0.000000
0.000000
0.000000
0.000000
0.000000
0.000000
0.000000
0.000000
0.000000
0.000000
0.000000
0.000000
0.000000
0.000000
0.000000
0.000000
0.000000
0.000000
0.000000
0.000000
0.000000
0.000000
0.000000
0.000000
0.000000
0.000000
0.000000
0.000000
0.000000
0.000000
0.000000
0.000000
0.000000
0.000000
0.000000
0.000000
0.000000
0.000000
0.000000
0.000000
0.000000
0.000000
0.000000
0.000000
0.000000
0.000000
0.000000
0.000000
0.000000
0.000000
0.000000
0.000000
0.000000
0.000000
0.000000
0.000000
0.000000
0.000000
0.000000
0.000000
0.000000
0.000000
0.000000
0.000000
0.000000
0.000000
0.000000
0.000000
0.000000
0.000000
0.000000
0.000000
0.000000
0.000000
0.000000
0.000000
0.000000
0.000000
0.000000
0.000000
0.000000
0.000000
0.000000
0.000000
0.000000
0.000000
0.000000
0.000000
0.000000
0.000000
0.000000
0.000000
0.000000
0.000000
0.000000
0.000000
0.000000
0.000000
0.000000
0.000000
0.000000
0.000000
0.000000
0.000000
0.000000
0.000000
0.000000
0.000000
0.000000
0.000000
0.000000
0.000000
0.000000
0.000000
0.000000
0.000000
0.000000
0.000000
0.000000
0.000000
0.000000
0.000000
0.000000
0.000000
0.000000
0.000000
0.000000
0.000000
0.000000
0.000000
0.000000
0.000000
0.000000
0.000000
0.000000
0.000000
0.000000
0.000000
0.000000
0.000000
0.000000
0.000000
0.000000
0.000000
0.000000
0.000000
0.000000
0.000000
0.000000
0.000000
0.000000
0.000000
0.000000
0.000000
0.000000
0.000000
0.000000
0.000000
0.000000
0.000000
0.000000
0.000000
0.000000
0.000000
0.000000
0.000000
0.000000
0.000000
0.000000
0.000000
0.000000
0.000000
0.000000
0.000000
0.000000
0.000000
0.000000
0.000000
0.000000
0.000000
0.000000
0.000000
0.000000
0.000000
0.000000
0.000000
0.000000
0.000000
0.000000
0.000000
0.000000
0.000000
0.000000
0.000000
0.000000
0.000000
0.000000
0.000000
0.000000
0.000000
0.000000
0.000000
0.000000
0.000000
0.000000
0.000000
0.000000
0.000000
0.000000
0.000000
0.000000
0.000000
0.000000
0.000000
0.000000
0.000000
0.000000
0.000000
0.000000
0.000000
0.000000
0.000000
0.000000
0.000000
0.000000
0.000000
0.000000
0.000000
0.000000
0.000000
0.000000
0.000000
0.000000
0.000000
0.000000
0.000000
0.000000
0.000000
0.000000
0.000000
0.000000
0.000000
0.000000
0.000000
0.000000
0.000000
0.000000
0.000000
0.000000
0.000000
0.000000
0.000000
0.000000
0.000000
0.000000
0.000000
0.000000
0.000000
0.000000
0.000000
0.000000
0.000000
0.000000
0.000000
0.000000
0.000000
0.000000
0.000000
0.000000
0.000000
0.000000
0.000000
0.000000
0.000000
0.000000
0.000000
0.000000
0.000000
0.000000
0.000000
0.000000
0.000000
0.000000
0.000000
0.000000
0.000000
0.000000
0.000000
0.000000
0.000000
0.000000
0.000000
0.000000
0.000000
0.000000
0.000000
0.000000
0.000000
0.000000
0.000000
0.000000
0.000000
0.000000
0.000000
0.000000
0.000000
0.000000
0.000000
0.000000
0.000000
0.000000
0.000000
0.000000
0.000000
0.000000
0.000000
0.000000
0.000000
0.000000
0.000000
0.000000
0.000000
0.000000
0.000000
0.000000
0.000000
0.000000
0.000000
0.000000
0.000000
0.000000
0.000000
0.000000
0.000000
0.000000
0.000000
0.000000
0.000000
0.000000
0.000000
0.000000
0.000000
0.000000
0.000000
0.000000
0.000000
0.000000
0.000000
0.000000
0.000000
0.000000
0.000000
0.000000
0.000000
0.000000
0.000000
0.000000
0.000000
0.000000
0.000000
0.000000
0.000000
0.000000
0.000000
0.000000
0.000000
0.000000
0.000000
0.000000
0.000000
0.000000
0.000000
0.000000
0.000000
0.000000
0.000000
0.000000
0.000000
0.000000
0.000000
0.000000
0.000000
0.000000
0.000000
0.000000
0.000000
0.000000
0.000000
0.000000
0.000000
0.000000
0.000000
0.000000
0.000000
0.000000
0.000000
0.000000
0.000000
0.000000
0.000000
0.000000
0.000000
0.000000
0.000000
0.000000
0.000000
0.000000
0.000000
0.000000
0.000000
0.000000
0.000000
0.000000
0.000000
0.000000
0.000000
0.000000
0.000000
0.000000
0.000000
0.000000
0.000000
0.000000
0.000000
0.000000
0.000000
0.000000
0.000000
0.000000
0.000000
0.000000
0.000000
0.000000
0.000000
0.000000
0.000000
0.000000
0.000000
0.000000
0.000000
0.000000
0.000000
0.000000
0.000000
0.000000
0.000000
0.000000
0.000000
0.000000
0.000000
0.000000
0.000000
0.000000
0.000000
0.000000
0.000000
0.000000
0.000000
0.000000
0.000000
0.000000
0.000000
0.000000
0.000000
0.000000
0.000000
0.000000
0.000000
0.000000
0.000000
0.000000
0.000000
0.000000
0.000000
0.000000
0.000000
0.000000
0.000000
0.000000
0.000000
0.000000
0.000000
0.000000
0.000000
0.000000
0.000000
0.000000
0.000000
0.000000
0.000000
0.000000
0.000000
0.000000
0.000000
0.000000
0.000000
0.000000
0.000000
0.000000
0.000000
0.000000
0.000000
0.000000
0.000000
0.000000
0.000000
0.000000
0.000000
0.000000
0.000000
0.000000
0.000000
0.000000
0.000000
0.000000
0.000000
0.000000
0.000000
0.000000
0.000000
0.000000
0.000000
0.000000
0.000000
0.000000
0.000000
0.000000
0.000000
0.000000
0.000000
0.000000
0.000000
0.000000
0.000000
0.000000
0.000000
0.000000
0.000000
0.000000
0.000000
0.000000
0.000000
0.000000
0.000000
0.000000
0.000000
0.000000
0.000000
0.000000
0.000000
0.000000
0.000000
0.000000
0.000000
0.000000
0.000000
0.000000
0.000000
0.000000
0.000000
0.000000
0.000000
0.000000
0.000000
0.000000
0.000000
0.000000
0.000000
0.000000
0.000000
0.000000
0.000000
0.000000
0.000000
0.000000
0.000000
0.000000
0.000000
0.000000
0.000000
0.000000
0.000000
0.000000
0.000000
0.000000
0.000000
0.000000
0.000000
0.000000
0.000000
0.000000
0.000000
0.000000
0.000000
0.000000
0.000000
0.000000
0.000000
0.000000
0.000000
0.000000
0.000000
0.000000
0.000000
0.000000
0.000000
0.000000
0.000000
0.000000
0.000000
0.000000
0.000000
0.000000
0.000000
0.000000
0.000000
0.000000
0.000000
0.000000
0.000000
0.000000
0.000000
0.000000
0.000000
0.000000
0.000000
0.000000
0.000000
0.000000
0.000000
0.000000
0.000000
0.000000
0.000000
0.000000
0.000000
0.000000
0.000000
0.000000
0.000000
0.000000
0.000000
0.000000
0.000000
0.000000
0.000000
0.000000
0.000000
0.000000
0.000000
0.000000
0.000000
0.000000
0.000000
0.000000
0.000000
0.000000
0.000000
0.000000
0.000000
0.000000
0.000000
0.000000
0.000000
0.000000
0.000000
0.000000
0.000000
0.000000
0.000000
0.000000
0.000000
0.000000
0.000000
0.000000
0.000000
0.000000
0.000000
0.000000
0.000000
0.000000
0.000000
0.000000
0.000000
0.000000
0.000000
0.000000
0.000000
0.000000
0.000000
0.000000
0.000000
0.000000
0.000000
0.000000
0.000000
0.000000
0.000000
0.000000
0.000000
0.000000
0.000000
0.000000
0.000000
0.000000
0.000000
0.000000
0.000000
0.000000
0.000000
0.000000
0.000000
0.000000
0.000000
0.000000
0.000000
0.000000
0.000000
0.000000
0.000000
0.000000
0.000000
0.000000
0.000000
0.000000
0.000000
0.000000
0.000000
0.000000
0.000000
0.000000
0.000000
0.000000
0.000000
0.000000
0.000000
0.000000
0.000000
0.000000
0.000000
0.000000
0.000000
0.000000
0.000000
0.000000
0.000000
0.000000
0.000000
0.000000
0.000000
0.000000
0.000000
0.000000
0.000000
0.000000
0.000000
0.000000
0.000000
0.000000
0.000000
0.000000
0.000000
0.000000
0.000000
0.000000
0.000000
0.000000
0.000000
0.000000
0.000000
0.000000
0.000000
0.000000
0.000000
0.000000
0.000000
0.000000
0.000000
0.000000
0.000000
0.000000
0.000000
0.000000
0.000000
0.000000
0.000000
0.000000
0.000000
0.000000
0.000000
0.000000
0.000000
0.000000
0.000000
0.000000
0.000000
0.000000
0.000000
0.000000
0.000000
0.000000
0.000000
0.000000
0.000000
0.000000
0.000000
0.000000
0.000000
0.000000
0.000000
0.000000
0.000000
0.000000
0.000000
0.000000
0.000000
0.000000
0.000000
0.000000
0.000000
0.000000
0.000000
0.000000
0.000000
0.000000
0.000000
0.000000
0.000000
0.000000
0.000000
0.000000
0.000000
0.000000
0.000000
0.000000
0.000000
0.000000
0.000000
0.000000
0.000000
0.000000
0.000000
0.000000
0.000000
0.000000
0.000000
0.000000
0.000000
0.000000
0.000000
0.000000
0.000000
0.000000
0.000000
0.000000
0.000000
0.000000
0.000000
0.000000
0.000000
0.000000
0.000000
0.000000
0.000000
0.000000
0.000000
0.000000
0.000000
0.000000
0.000000
0.000000
0.000000
0.000000
0.000000
0.000000
0.000000
0.000000
0.000000
0.000000
0.000000
0.000000
0.000000
0.000000
0.000000
0.000000
0.000000
0.000000
0.000000
0.000000
0.000000
0.000000
0.000000
0.000000
0.000000
0.000000
0.000000
0.000000
0.000000
0.000000
0.000000
0.000000
0.000000
0.000000
0.000000
0.000000
0.000000
0.000000
0.000000
0.000000
0.000000
0.000000
0.000000
0.000000
0.000000
0.000000
0.000000
0.000000
0.000000
0.000000
0.000000
0.000000
0.000000
0.000000
0.000000
0.000000
0.000000
0.000000
0.000000
0.000000
0.000000
0.000000
0.000000
0.000000
0.000000
0.000000
0.000000
0.000000
0.000000
0.000000
0.000000
0.000000
0.000000
0.000000
0.000000
0.000000
0.000000
0.000000
0.000000
0.000000
0.000000
0.000000
0.000000
0.000000
0.000000
0.000000
0.000000
0.000000
0.000000
0.000000
0.000000
0.000000
0.000000
0.000000
0.000000
0.000000
0.000000
0.000000
0.000000
0.000000
0.000000
0.000000
0.000000
0.000000
0.000000
0.000000
0.000000
0.000000
0.000000
0.000000
0.000000
0.000000
0.000000
0.000000
0.000000
0.000000
0.000000
0.000000
0.000000
0.000000
0.000000
0.000000
0.000000
0.000000
0.000000
0.000000
0.000000
0.000000
0.000000
0.000000
0.000000
0.000000
0.000000
0.000000
0.000000
0.000000
0.000000
0.000000
0.000000
0.000000
0.000000
0.000000
0.000000
0.000000
0.000000
0.000000
0.000000
0.000000
0.000000
0.000000
0.000000
0.000000
0.000000
0.000000
0.000000
0.000000
0.000000
0.000000
0.000000
0.000000
0.000000
0.000000
0.000000
0.000000
0.000000
0.000000
0.000000
0.000000
0.000000
0.000000
0.000000
0.000000
0.000000
0.000000
0.000000
0.000000
0.000000
0.000000
0.000000
0.000000
0.000000
0.000000
0.000000
0.000000
0.000000
0.000000
0.000000
0.000000
0.000000
0.000000
0.000000
0.000000
0.000000
0.000000
0.000000
0.000000
0.000000
0.000000
0.000000
0.000000
0.000000
0.000000
0.000000
0.000000
0.000000
0.000000
0.000000
0.000000
0.000000
0.000000
0.000000
0.000000
0.000000
0.000000
0.000000
0.000000
0.000000
0.000000
0.000000
0.000000
0.000000
0.000000
0.000000
0.000000
0.000000
0.000000
0.000000
0.000000
0.000000
0.000000
0.000000
0.000000
0.000000
0.000000
0.000000
0.000000
0.000000
0.000000
0.000000
0.000000
0.000000
0.000000
0.000000
0.000000
0.000000
0.000000
0.000000
0.000000
0.000000
0.000000
0.000000
0.000000
0.000000
0.000000
0.000000
0.000000
0.000000
0.000000
0.000000
0.000000
0.000000
0.000000
0.000000
0.000000
0.000000
0.000000
0.000000
0.000000
0.000000
0.000000
0.000000
0.000000
0.000000
0.000000
0.000000
0.000000
0.000000
0.000000
0.000000
0.000000
0.000000
0.000000
0.000000
0.000000
0.000000
0.000000
0.000000
0.000000
0.000000
0.000000
0.000000
0.000000
0.000000
0.000000
0.000000
0.000000
0.000000
0.000000
0.000000
0.000000
0.000000
0.000000
0.000000
0.000000
0.000000
0.000000
0.000000
0.000000
0.000000
0.000000
0.000000
0.000000
0.000000
0.000000
0.000000
0.000000
0.000000
0.000000
0.000000
0.000000
0.000000
0.000000
0.000000
0.000000
0.000000
0.000000
0.000000
0.000000
0.000000
0.000000
0.000000
0.000000
0.000000
0.000000
0.000000
0.000000
0.000000
0.000000
0.000000
0.000000
0.000000
0.000000
0.000000
0.000000
0.000000
0.000000
0.000000
0.000000
0.000000
0.000000
0.000000
0.000000
0.000000
0.000000
0.000000
0.000000
0.000000
0.000000
0.000000
0.000000
0.000000
0.000000
0.000000
0.000000
0.000000
0.000000
0.000000
0.000000
0.000000
0.000000
0.000000
0.000000
0.000000
0.000000
0.000000
0.000000
0.000000
0.000000
0.000000
0.000000
0.000000
0.000000
0.000000
0.000000
0.000000
0.000000
0.000000
0.000000
0.000000
0.000000
0.000000
0.000000
0.000000
0.000000
0.000000
0.000000
0.000000
0.000000
0.000000
0.000000
0.000000
0.000000
0.000000
0.000000
0.000000
0.000000
0.000000
0.000000
0.000000
0.000000
0.000000
0.000000
0.000000
0.000000
0.000000
0.000000
0.000000
0.000000
0.000000
0.000000
0.000000
0.000000
0.000000
0.000000
0.000000
0.000000
0.000000
0.000000
0.000000
0.000000
0.000000
0.000000
0.000000
0.000000
0.000000
0.000000
0.000000
0.000000
0.000000
0.000000
0.000000
0.000000
0.000000
0.000000
0.000000
0.000000
0.000000
0.000000
0.000000
0.000000
0.000000
0.000000
0.000000
0.000000
0.000000
0.000000
0.000000
0.000000
0.000000
0.000000
0.000000
0.000000
0.000000
0.000000
0.000000
0.000000
0.000000
0.000000
0.000000
0.000000
0.000000
0.000000
0.000000
0.000000
0.000000
0.000000
0.000000
0.000000
0.000000
0.000000
0.000000
0.000000
0.000000
0.000000
0.000000
0.000000
0.000000
0.000000
0.000000
0.000000
0.000000
0.000000
0.000000
0.000000
0.000000
0.000000
0.000000
0.000000
0.000000
0.000000
0.000000
0.000000
0.000000
0.000000
0.000000
0.000000
0.000000
0.000000
0.000000
0.000000
0.000000
0.000000
0.000000
0.000000
0.000000
0.000000
0.000000
0.000000
0.000000
0.000000
0.000000
0.000000
0.000000
0.000000
0.000000
0.000000
0.000000
0.000000
0.000000
0.000000
0.000000
0.000000
0.000000
0.000000
0.000000
0.000000
0.000000
0.000000
0.000000
0.000000
0.000000
0.000000
0.000000
0.000000
0.000000
0.000000
0.000000
0.000000
0.000000
0.000000
0.000000
0.000000
0.000000
0.000000
0.000000
0.000000
0.000000
0.000000
0.000000
0.000000
0.000000
0.000000
0.000000
0.000000
0.000000
0.000000
0.000000
0.000000
0.000000
0.000000
0.000000
0.000000
0.000000
0.000000
0.000000
0.000000
0.000000
0.000000
0.000000
0.000000
0.000000
0.000000
0.000000
0.000000
0.000000
0.000000
0.000000
0.000000
0.000000
0.000000
0.000000
0.000000
0.000000
0.000000
0.000000
0.000000
0.000000
0.000000
0.000000
0.000000
0.000000
0.000000
0.000000
0.000000
0.000000
0.000000
0.000000
0.000000
0.000000
0.000000
0.000000
0.000000
0.000000
0.000000
0.000000
0.000000
0.000000
0.000000
0.000000
0.000000
0.000000
0.000000
0.000000
0.000000
0.000000
0.000000
0.000000
0.000000
0.000000
0.000000
0.000000
0.000000
0.000000
0.000000
0.000000
0.000000
0.000000
0.000000
0.000000
0.000000
0.000000
0.000000
0.000000
0.000000
0.000000
0.000000
0.000000
0.000000
0.000000
0.000000
0.000000
0.000000
0.000000
0.000000
0.000000
0.000000
0.000000
0.000000
0.000000
0.000000
0.000000
0.000000
0.000000
0.000000
0.000000
0.000000
0.000000
0.000000
0.000000
0.000000
0.000000
0.000000
0.000000
0.000000
0.000000
0.000000
0.000000
0.000000
0.000000
0.000000
0.000000
0.000000
0.000000
0.000000
0.000000
0.000000
0.000000
0.000000
0.000000
0.000000
0.000000
0.000000
0.000000
0.000000
0.000000
0.000000
0.000000
0.000000
0.000000
0.000000
0.000000
0.000000
0.000000
0.000000
0.000000
0.000000
0.000000
0.000000
0.000000
0.000000
0.000000
0.000000
0.000000
0.000000
0.000000
0.000000
0.000000
0.000000
0.000000
0.000000
0.000000
0.000000
0.000000
0.000000
0.000000
0.000000
0.000000
0.000000
0.000000
0.000000
0.000000
0.000000
0.000000
0.000000
0.000000
0.000000
0.000000
0.000000
0.000000
0.000000
0.000000
0.000000
0.000000
0.000000
0.000000
0.000000
0.000000
0.000000
0.000000
0.000000
0.000000
0.000000
0.000000
0.000000
0.000000
0.000000
0.000000
0.000000
0.000000
0.000000
0.000000
0.000000
0.000000
0.000000
0.000000
0.000000
0.000000
0.000000
0.000000
0.000000
0.000000
0.000000
0.000000
0.000000
0.000000
0.000000
0.000000
0.000000
0.000000
0.000000
0.000000
0.000000
0.000000
0.000000
0.000000
0.000000
0.000000
0.000000
0.000000
0.000000
0.000000
0.000000
0.000000
0.000000
0.000000
0.000000
0.000000
0.000000
0.000000
0.000000
0.000000
0.000000
0.000000
0.000000
0.000000
0.000000
0.000000
0.000000
0.000000
0.000000
0.000000
0.000000
0.000000
0.000000
0.000000
0.000000
0.000000
0.000000
0.000000
0.000000
0.000000
0.000000
0.000000
0.000000
0.000000
0.000000
0.000000
0.000000
0.000000
0.000000
0.000000
0.000000
0.000000
0.000000
0.000000
0.000000
0.000000
0.000000
0.000000
0.000000
0.000000
0.000000
0.000000
0.000000
0.000000
0.000000
0.000000
0.000000
0.000000
0.000000
0.000000
0.000000
0.000000
0.000000
0.000000
0.000000
0.000000
0.000000
0.000000
0.000000
0.000000
0.000000
0.000000
0.000000
0.000000
0.000000
0.000000
0.000000
0.000000
0.000000
0.000000
0.000000
0.000000
0.000000
0.000000
0.000000
0.000000
0.000000
0.000000
0.000000
0.000000
0.000000
0.000000
0.000000
0.000000
0.000000
0.000000
0.000000
0.000000

